t,S,theta,kappa,sigma,I
0.000000000000000000e+00,1.265764173311922480e+00,1.100000000000000089e+00,5.000000000000000000e+00,2.000000000000000111e-01,-3.434419883906452142e+00
2.000000000000000111e-01,1.098778372575712092e+00,1.100000000000000089e+00,5.000000000000000000e+00,2.000000000000000111e-01,7.241361147321704550e+00
4.000000000000000222e-01,1.110637235870366224e+00,1.100000000000000089e+00,5.000000000000000000e+00,2.000000000000000111e-01,-4.633788456833361380e+00
6.000000000000000888e-01,1.040854215234536362e+00,1.100000000000000089e+00,5.000000000000000000e+00,2.000000000000000111e-01,-5.613943679072814774e+00
8.000000000000000444e-01,1.144453104832928725e+00,1.100000000000000089e+00,5.000000000000000000e+00,2.000000000000000111e-01,-3.936178405281558490e+00
1.000000000000000000e+00,1.191254439791507913e+00,1.000000000000000000e+00,5.000000000000000000e+00,2.000000000000000111e-01,-2.447336885364828518e+00
1.200000000000000178e+00,8.213959585547332409e-01,1.000000000000000000e+00,5.000000000000000000e+00,2.000000000000000111e-01,3.529539897206335652e+00
1.400000000000000133e+00,9.695013568078398869e-01,1.000000000000000000e+00,5.000000000000000000e+00,2.000000000000000111e-01,1.793817392067095895e+00
1.600000000000000089e+00,1.055376516447781965e+00,1.000000000000000000e+00,5.000000000000000000e+00,2.000000000000000111e-01,-8.271644557873594650e+00
1.800000000000000044e+00,9.906530404836348946e-01,1.000000000000000000e+00,5.000000000000000000e+00,2.000000000000000111e-01,-8.557744491134561926e+00
2.000000000000000000e+00,9.651879725375271946e-01,1.000000000000000000e+00,5.000000000000000000e+00,2.000000000000000111e-01,3.814766146214122244e+00
2.200000000000000178e+00,8.918513325570591732e-01,1.000000000000000000e+00,5.000000000000000000e+00,2.000000000000000111e-01,-4.262327423187899811e+00
2.400000000000000355e+00,1.016613765584231333e+00,1.000000000000000000e+00,5.000000000000000000e+00,2.000000000000000111e-01,-2.725548631544889133e+00
2.600000000000000089e+00,9.109481162322462522e-01,1.000000000000000000e+00,5.000000000000000000e+00,2.000000000000000111e-01,-7.841745860077320884e+00
2.800000000000000266e+00,8.530230978727704194e-01,1.000000000000000000e+00,5.000000000000000000e+00,2.000000000000000111e-01,6.331368427450883019e+00
3.000000000000000000e+00,1.061407135529955026e+00,1.000000000000000000e+00,5.000000000000000000e+00,2.000000000000000111e-01,6.578545908262050546e+00
3.200000000000000178e+00,8.996667484610521015e-01,1.000000000000000000e+00,5.000000000000000000e+00,2.000000000000000111e-01,-2.617899237873208662e+00
3.400000000000000355e+00,9.929621630274406696e-01,1.000000000000000000e+00,5.000000000000000000e+00,2.000000000000000111e-01,-7.747877726383625152e+00
3.600000000000000089e+00,9.201769189687826200e-01,1.000000000000000000e+00,5.000000000000000000e+00,2.000000000000000111e-01,-8.645180301268315048e+00
3.800000000000000266e+00,8.118612480201735648e-01,1.000000000000000000e+00,5.000000000000000000e+00,2.000000000000000111e-01,2.051607082730805942e+00
4.000000000000000000e+00,9.442514244143842550e-01,9.000000000000000222e-01,5.000000000000000000e+00,2.000000000000000111e-01,-9.324761578324105571e+00
4.200000000000000178e+00,8.458901227733636174e-01,9.000000000000000222e-01,5.000000000000000000e+00,2.000000000000000111e-01,1.262869151767972653e+00
4.400000000000000355e+00,9.537577674276012107e-01,9.000000000000000222e-01,5.000000000000000000e+00,2.000000000000000111e-01,1.502365271039272088e+00
4.600000000000000533e+00,9.153509723957480304e-01,9.000000000000000222e-01,5.000000000000000000e+00,2.000000000000000111e-01,-6.283906370094987537e+00
4.800000000000000711e+00,8.917952834646967197e-01,9.000000000000000222e-01,5.000000000000000000e+00,2.000000000000000111e-01,-2.496572390278206655e-01
5.000000000000000000e+00,8.624053421406427944e-01,9.000000000000000222e-01,5.000000000000000000e+00,2.000000000000000111e-01,3.552682196685712057e+00
5.200000000000000178e+00,9.057258513216425166e-01,9.000000000000000222e-01,5.000000000000000000e+00,2.000000000000000111e-01,-6.367730549052668110e+00
5.400000000000000355e+00,8.943733263876267880e-01,9.000000000000000222e-01,5.000000000000000000e+00,2.000000000000000111e-01,-1.991442941063004568e+00
5.600000000000000533e+00,1.085260342408866485e+00,9.000000000000000222e-01,5.000000000000000000e+00,2.000000000000000111e-01,5.022015548403214069e+00
5.800000000000000711e+00,9.157429340124302319e-01,9.000000000000000222e-01,5.000000000000000000e+00,2.000000000000000111e-01,3.503131411447860444e+00
6.000000000000000000e+00,8.186783224328237907e-01,9.000000000000000222e-01,5.000000000000000000e+00,2.000000000000000111e-01,-2.568568001077684571e+00
6.200000000000000178e+00,9.326932821098643522e-01,9.000000000000000222e-01,5.000000000000000000e+00,2.000000000000000111e-01,8.201271143372245831e+00
6.400000000000000355e+00,9.512992521830797576e-01,9.000000000000000222e-01,5.000000000000000000e+00,2.000000000000000111e-01,7.006722833898479053e+00
6.600000000000000533e+00,9.835892190137878188e-01,9.000000000000000222e-01,5.000000000000000000e+00,2.000000000000000111e-01,4.148324482556917658e+00
6.800000000000000711e+00,8.770126316595774352e-01,9.000000000000000222e-01,5.000000000000000000e+00,2.000000000000000111e-01,7.668239145629378584e-01
7.000000000000000000e+00,8.346175045149277771e-01,9.000000000000000222e-01,5.000000000000000000e+00,2.000000000000000111e-01,6.935156653415113226e+00
7.200000000000000178e+00,7.927811703888580919e-01,9.000000000000000222e-01,5.000000000000000000e+00,2.000000000000000111e-01,-5.482573049348653527e+00
7.400000000000000355e+00,8.950838797364469857e-01,9.000000000000000222e-01,5.000000000000000000e+00,2.000000000000000111e-01,8.936947431865277736e+00
7.600000000000000533e+00,8.666996907435577935e-01,9.000000000000000222e-01,5.000000000000000000e+00,2.000000000000000111e-01,-6.309268854880394350e+00
7.800000000000000711e+00,9.252511817635615810e-01,9.000000000000000222e-01,5.000000000000000000e+00,2.000000000000000111e-01,-4.993641574510228054e+00
8.000000000000000000e+00,6.300604383713264145e-01,9.000000000000000222e-01,5.000000000000000000e+00,2.000000000000000111e-01,9.916542386880667692e+00
8.200000000000001066e+00,9.200232784895029381e-01,9.000000000000000222e-01,5.000000000000000000e+00,2.000000000000000111e-01,5.181675540182453688e+00
8.400000000000000355e+00,7.991939557072934575e-01,9.000000000000000222e-01,5.000000000000000000e+00,2.000000000000000111e-01,1.696274026946698044e+00
8.599999999999999645e+00,7.378154776407112037e-01,9.000000000000000222e-01,5.000000000000000000e+00,2.000000000000000111e-01,-9.877400619080706434e+00
8.800000000000000711e+00,7.936718857487157219e-01,9.000000000000000222e-01,5.000000000000000000e+00,2.000000000000000111e-01,-9.392533904582547777e+00
9.000000000000000000e+00,7.985477707790942237e-01,9.000000000000000222e-01,5.000000000000000000e+00,2.000000000000000111e-01,-8.797507123761542758e+00
9.200000000000001066e+00,8.359869944338256254e-01,9.000000000000000222e-01,5.000000000000000000e+00,2.000000000000000111e-01,1.132812781022547455e+00
9.400000000000000355e+00,7.410542274454614553e-01,9.000000000000000222e-01,5.000000000000000000e+00,2.000000000000000111e-01,-1.853280739800489130e-01
9.600000000000001421e+00,8.647101651891162533e-01,9.000000000000000222e-01,5.000000000000000000e+00,2.000000000000000111e-01,9.259209609955078690e+00
9.800000000000000711e+00,7.600182565327472384e-01,9.000000000000000222e-01,5.000000000000000000e+00,2.000000000000000111e-01,-1.199786860570634772e+00
1.000000000000000000e+01,8.516029601324299758e-01,9.000000000000000222e-01,5.000000000000000000e+00,2.000000000000000111e-01,-6.335437758093043215e-02
1.020000000000000107e+01,8.806079525137129327e-01,9.000000000000000222e-01,5.000000000000000000e+00,2.000000000000000111e-01,5.063760177140427032e+00
1.040000000000000036e+01,8.227709901807052084e-01,9.000000000000000222e-01,5.000000000000000000e+00,2.000000000000000111e-01,-4.340305194160398727e+00
1.060000000000000142e+01,9.362097021428905652e-01,9.000000000000000222e-01,5.000000000000000000e+00,2.000000000000000111e-01,5.680771411495598500e+00
1.080000000000000071e+01,9.809096083928323662e-01,9.000000000000000222e-01,5.000000000000000000e+00,2.000000000000000111e-01,-1.342310516948884924e+00
1.100000000000000000e+01,8.133105258522159708e-01,9.000000000000000222e-01,5.000000000000000000e+00,2.000000000000000111e-01,-5.779196939598413962e+00
1.120000000000000107e+01,8.910702796921450286e-01,9.000000000000000222e-01,5.000000000000000000e+00,2.000000000000000111e-01,3.501381482079832352e+00
1.140000000000000036e+01,7.182537727961100238e-01,9.000000000000000222e-01,5.000000000000000000e+00,2.000000000000000111e-01,-6.717894545322256050e+00
1.160000000000000142e+01,8.293045506715882587e-01,9.000000000000000222e-01,5.000000000000000000e+00,2.000000000000000111e-01,-5.951818039351335798e+00
1.180000000000000071e+01,1.065324648669155660e+00,9.000000000000000222e-01,5.000000000000000000e+00,2.000000000000000111e-01,-5.071944127826830240e+00
1.200000000000000000e+01,9.054289807477445828e-01,9.000000000000000222e-01,5.000000000000000000e+00,2.000000000000000111e-01,7.006629224464845151e+00
1.220000000000000107e+01,7.938045898801997513e-01,9.000000000000000222e-01,5.000000000000000000e+00,2.000000000000000111e-01,6.957029402159029985e+00
1.240000000000000036e+01,1.063261643307712223e+00,9.000000000000000222e-01,5.000000000000000000e+00,2.000000000000000111e-01,-6.697285003506692647e+00
1.260000000000000142e+01,9.623972495683061901e-01,9.000000000000000222e-01,5.000000000000000000e+00,2.000000000000000111e-01,7.296079393516308187e-02
1.280000000000000071e+01,8.301332597499762045e-01,9.000000000000000222e-01,5.000000000000000000e+00,2.000000000000000111e-01,4.667912252693964703e+00
1.300000000000000000e+01,7.544239841088167253e-01,9.000000000000000222e-01,5.000000000000000000e+00,2.000000000000000111e-01,1.614852786788192773e+00
1.320000000000000107e+01,9.221022406013428263e-01,9.000000000000000222e-01,5.000000000000000000e+00,2.000000000000000111e-01,5.922817080634557030e+00
1.340000000000000036e+01,9.581742731596671891e-01,9.000000000000000222e-01,5.000000000000000000e+00,2.000000000000000111e-01,-8.241471016935406624e+00
1.360000000000000142e+01,8.975522950101473274e-01,9.000000000000000222e-01,5.000000000000000000e+00,2.000000000000000111e-01,4.287770889976993516e+00
1.380000000000000071e+01,8.579585628721875246e-01,9.000000000000000222e-01,5.000000000000000000e+00,2.000000000000000111e-01,1.203208265593847415e+00
1.400000000000000000e+01,9.473130555278902465e-01,9.000000000000000222e-01,5.000000000000000000e+00,2.000000000000000111e-01,8.269087287688282828e+00
1.420000000000000107e+01,9.752047655236917301e-01,9.000000000000000222e-01,5.000000000000000000e+00,2.000000000000000111e-01,-7.841366697965206356e+00
1.440000000000000036e+01,7.407188270581483991e-01,9.000000000000000222e-01,5.000000000000000000e+00,2.000000000000000111e-01,-2.397057371963899897e-01
1.460000000000000142e+01,7.906951651957090377e-01,9.000000000000000222e-01,5.000000000000000000e+00,2.000000000000000111e-01,-4.788642153107350197e+00
1.480000000000000071e+01,8.534843306067959601e-01,9.000000000000000222e-01,5.000000000000000000e+00,2.000000000000000111e-01,2.783866214751228085e+00
1.500000000000000000e+01,9.990296878543434289e-01,9.000000000000000222e-01,5.000000000000000000e+00,2.000000000000000111e-01,-9.739379132332395272e+00
1.520000000000000107e+01,8.990151987776588971e-01,9.000000000000000222e-01,5.000000000000000000e+00,2.000000000000000111e-01,-1.561983484199192418e+00
1.540000000000000036e+01,8.379335336040406590e-01,9.000000000000000222e-01,5.000000000000000000e+00,2.000000000000000111e-01,7.397603887018213698e+00
1.560000000000000142e+01,8.886920727554307176e-01,9.000000000000000222e-01,5.000000000000000000e+00,2.000000000000000111e-01,-4.686849992871946924e+00
1.580000000000000071e+01,9.569212308394768884e-01,9.000000000000000222e-01,5.000000000000000000e+00,2.000000000000000111e-01,-5.017807774082028160e+00
1.600000000000000000e+01,8.690702962795749942e-01,9.000000000000000222e-01,5.000000000000000000e+00,2.000000000000000111e-01,4.080113928247630639e+00
1.619999999999999929e+01,9.372464137116082172e-01,1.000000000000000000e+00,5.000000000000000000e+00,2.000000000000000111e-01,6.251031356743652623e-03
1.640000000000000213e+01,1.002395148624030119e+00,1.000000000000000000e+00,5.000000000000000000e+00,2.000000000000000111e-01,7.507052274729005603e+00
1.660000000000000142e+01,9.619910024852030839e-01,1.000000000000000000e+00,5.000000000000000000e+00,2.000000000000000111e-01,2.260322105076539856e+00
1.680000000000000071e+01,1.089268196372271458e+00,1.000000000000000000e+00,5.000000000000000000e+00,2.000000000000000111e-01,2.815239364040369452e+00
1.700000000000000000e+01,9.825986117716301038e-01,1.000000000000000000e+00,5.000000000000000000e+00,2.000000000000000111e-01,7.099200991102456726e+00
1.719999999999999929e+01,1.086873924038451289e+00,1.000000000000000000e+00,5.000000000000000000e+00,2.000000000000000111e-01,2.059306271420018319e+00
1.740000000000000213e+01,9.950132442597395821e-01,1.000000000000000000e+00,5.000000000000000000e+00,2.000000000000000111e-01,-1.070339306736007856e+00
1.760000000000000142e+01,1.163444176730077828e+00,1.000000000000000000e+00,5.000000000000000000e+00,2.000000000000000111e-01,2.719539410442109784e+00
1.780000000000000071e+01,8.051333102794816510e-01,1.000000000000000000e+00,5.000000000000000000e+00,2.000000000000000111e-01,2.811793129402156310e+00
1.800000000000000000e+01,1.089147172634960636e+00,1.000000000000000000e+00,5.000000000000000000e+00,2.000000000000000111e-01,8.102159917373349174e+00
1.819999999999999929e+01,9.728267498561956605e-01,1.000000000000000000e+00,5.000000000000000000e+00,2.000000000000000111e-01,1.931719023713894146e+00
1.840000000000000213e+01,9.766425304833070697e-01,1.000000000000000000e+00,5.000000000000000000e+00,2.000000000000000111e-01,-3.783942986181099144e+00
1.860000000000000142e+01,1.009178101870877864e+00,1.000000000000000000e+00,5.000000000000000000e+00,2.000000000000000111e-01,-3.154340427631261434e+00
1.880000000000000071e+01,1.045679835241299926e+00,1.000000000000000000e+00,5.000000000000000000e+00,2.000000000000000111e-01,-9.085735462851987521e+00
1.900000000000000000e+01,1.008146521906586379e+00,1.000000000000000000e+00,5.000000000000000000e+00,2.000000000000000111e-01,3.611467103295698422e+00
1.920000000000000284e+01,1.061187972776433730e+00,1.000000000000000000e+00,5.000000000000000000e+00,2.000000000000000111e-01,-5.961432535776558517e+00
1.940000000000000213e+01,9.474171134750297707e-01,1.000000000000000000e+00,5.000000000000000000e+00,2.000000000000000111e-01,-2.521535129785288376e+00
1.960000000000000142e+01,8.840493475794506395e-01,1.000000000000000000e+00,5.000000000000000000e+00,2.000000000000000111e-01,-7.202037651454520351e+00
1.980000000000000071e+01,1.010534982646628110e+00,1.000000000000000000e+00,5.000000000000000000e+00,2.000000000000000111e-01,6.008106974957449609e+00
2.000000000000000000e+01,9.047120043077752083e-01,1.000000000000000000e+00,5.000000000000000000e+00,2.000000000000000111e-01,-7.473973573641245594e+00
2.020000000000000284e+01,1.129880971443925519e+00,1.000000000000000000e+00,5.000000000000000000e+00,2.000000000000000111e-01,4.055036757562799465e+00
2.040000000000000213e+01,8.506282834466303289e-01,1.000000000000000000e+00,5.000000000000000000e+00,2.000000000000000111e-01,-6.513056155452739304e+00
2.060000000000000142e+01,8.919917956744745080e-01,1.000000000000000000e+00,5.000000000000000000e+00,2.000000000000000111e-01,-8.294805310598560411e+00
2.080000000000000071e+01,1.089696998848889153e+00,1.000000000000000000e+00,5.000000000000000000e+00,2.000000000000000111e-01,3.842413266418450490e+00
2.100000000000000000e+01,9.325324639731371601e-01,1.000000000000000000e+00,5.000000000000000000e+00,2.000000000000000111e-01,-5.465659776377900236e+00
2.120000000000000284e+01,9.995603949570671665e-01,1.000000000000000000e+00,5.000000000000000000e+00,2.000000000000000111e-01,4.951742882818447100e+00
2.140000000000000213e+01,9.023492768218821514e-01,1.000000000000000000e+00,5.000000000000000000e+00,2.000000000000000111e-01,-6.029757470454311097e+00
2.160000000000000142e+01,9.650210906146415857e-01,1.000000000000000000e+00,5.000000000000000000e+00,2.000000000000000111e-01,-3.002768206687558283e+00
2.180000000000000071e+01,8.616265304511749878e-01,1.100000000000000089e+00,5.000000000000000000e+00,2.000000000000000111e-01,8.021489255315120914e+00
2.200000000000000000e+01,1.151962645817521391e+00,1.100000000000000089e+00,5.000000000000000000e+00,2.000000000000000111e-01,-9.825266902445029871e+00
2.220000000000000284e+01,1.086124477128707300e+00,1.100000000000000089e+00,5.000000000000000000e+00,2.000000000000000111e-01,3.548890539590948023e+00
2.240000000000000213e+01,8.994590036263936383e-01,1.100000000000000089e+00,5.000000000000000000e+00,2.000000000000000111e-01,9.237625869987777349e+00
2.260000000000000142e+01,1.165444867340188928e+00,1.100000000000000089e+00,5.000000000000000000e+00,2.000000000000000111e-01,-5.574864932934833206e+00
2.280000000000000071e+01,1.179462640730589262e+00,1.100000000000000089e+00,5.000000000000000000e+00,2.000000000000000111e-01,-7.245618582038153122e+00
2.300000000000000000e+01,1.054379195612312303e+00,1.100000000000000089e+00,5.000000000000000000e+00,2.000000000000000111e-01,7.367495304796751299e+00
2.320000000000000284e+01,1.126271746673582319e+00,1.100000000000000089e+00,5.000000000000000000e+00,2.000000000000000111e-01,3.687224796897954349e-01
2.340000000000000213e+01,9.846466563471352185e-01,1.100000000000000089e+00,5.000000000000000000e+00,2.000000000000000111e-01,5.559869081833856086e+00
2.360000000000000142e+01,1.140868066880116327e+00,1.100000000000000089e+00,5.000000000000000000e+00,2.000000000000000111e-01,9.882251829634959961e+00
2.380000000000000071e+01,1.163784975725292048e+00,1.100000000000000089e+00,5.000000000000000000e+00,2.000000000000000111e-01,-1.413331184889996095e+00
2.400000000000000000e+01,1.020253552025162769e+00,1.100000000000000089e+00,5.000000000000000000e+00,2.000000000000000111e-01,8.811458448166948898e-01
2.420000000000000284e+01,1.064403395778157346e+00,1.100000000000000089e+00,5.000000000000000000e+00,2.000000000000000111e-01,-9.563675226256989959e+00
2.440000000000000213e+01,1.062403484956990551e+00,1.100000000000000089e+00,5.000000000000000000e+00,2.000000000000000111e-01,-3.321821483302658251e+00
2.460000000000000142e+01,1.182575741013724091e+00,1.100000000000000089e+00,5.000000000000000000e+00,2.000000000000000111e-01,-3.822787209781674633e+00
2.480000000000000071e+01,1.097380743326954899e+00,1.100000000000000089e+00,5.000000000000000000e+00,2.000000000000000111e-01,-4.834527887314927774e+00
2.500000000000000000e+01,1.042987509883857022e+00,1.100000000000000089e+00,5.000000000000000000e+00,2.000000000000000111e-01,4.516493378800220171e+00
2.520000000000000284e+01,1.029434541291232019e+00,1.100000000000000089e+00,5.000000000000000000e+00,2.000000000000000111e-01,7.599136474574748945e+00
2.540000000000000213e+01,1.180251871885240167e+00,1.100000000000000089e+00,5.000000000000000000e+00,2.000000000000000111e-01,4.590297149074761052e+00
2.560000000000000142e+01,1.178597417240153877e+00,1.100000000000000089e+00,5.000000000000000000e+00,2.000000000000000111e-01,-4.220254726503553933e+00
2.580000000000000071e+01,1.097774504360815806e+00,1.100000000000000089e+00,5.000000000000000000e+00,2.000000000000000111e-01,-9.966772382341408942e+00
2.600000000000000000e+01,1.067246649031678096e+00,1.100000000000000089e+00,5.000000000000000000e+00,2.000000000000000111e-01,2.793171994358543131e+00
2.620000000000000284e+01,1.039685419244979148e+00,1.100000000000000089e+00,5.000000000000000000e+00,2.000000000000000111e-01,5.242559293942040455e+00
2.640000000000000213e+01,1.086126337172768519e+00,1.100000000000000089e+00,5.000000000000000000e+00,2.000000000000000111e-01,9.982046245351174463e+00
2.660000000000000142e+01,1.271583161539534768e+00,1.100000000000000089e+00,5.000000000000000000e+00,2.000000000000000111e-01,3.691479924479105890e+00
2.680000000000000071e+01,1.062016779882955841e+00,1.100000000000000089e+00,5.000000000000000000e+00,2.000000000000000111e-01,-7.382911644392191164e+00
2.700000000000000000e+01,9.682992637224860921e-01,1.100000000000000089e+00,5.000000000000000000e+00,2.000000000000000111e-01,-8.438604242769006447e+00
2.720000000000000284e+01,1.036141084511143395e+00,1.100000000000000089e+00,5.000000000000000000e+00,2.000000000000000111e-01,-8.212013465700760406e+00
2.740000000000000213e+01,1.111773395941600517e+00,1.100000000000000089e+00,5.000000000000000000e+00,2.000000000000000111e-01,9.783385928126804743e+00
2.760000000000000142e+01,1.148528154021056569e+00,1.100000000000000089e+00,5.000000000000000000e+00,2.000000000000000111e-01,-1.320849066161764895e+00
2.780000000000000071e+01,1.093453532591868393e+00,1.100000000000000089e+00,5.000000000000000000e+00,2.000000000000000111e-01,-3.779149982501213145e+00
2.800000000000000000e+01,9.938919234398648772e-01,1.100000000000000089e+00,5.000000000000000000e+00,2.000000000000000111e-01,-8.155491027416676530e+00
2.820000000000000284e+01,1.113077287844408847e+00,1.100000000000000089e+00,5.000000000000000000e+00,2.000000000000000111e-01,7.134449645475793744e+00
2.840000000000000213e+01,1.131830325940148763e+00,1.100000000000000089e+00,5.000000000000000000e+00,2.000000000000000111e-01,-2.169686047916481897e+00
2.860000000000000142e+01,1.179750733890206238e+00,1.100000000000000089e+00,5.000000000000000000e+00,2.000000000000000111e-01,-3.045699217072705522e+00
2.880000000000000071e+01,1.017196844095762165e+00,1.100000000000000089e+00,5.000000000000000000e+00,2.000000000000000111e-01,-5.031615454624711603e+00
2.900000000000000000e+01,1.212145011689887752e+00,1.100000000000000089e+00,5.000000000000000000e+00,2.000000000000000111e-01,-3.102057378628170881e+00
2.920000000000000284e+01,1.031831248864294670e+00,1.100000000000000089e+00,5.000000000000000000e+00,2.000000000000000111e-01,6.523243776925660597e+00
2.940000000000000213e+01,9.067065399841984785e-01,1.100000000000000089e+00,5.000000000000000000e+00,2.000000000000000111e-01,-6.168410314033656583e+00
2.960000000000000142e+01,1.058619540419484917e+00,1.100000000000000089e+00,5.000000000000000000e+00,2.000000000000000111e-01,-2.914177798924910689e+00
2.980000000000000071e+01,9.476273582713251598e-01,1.100000000000000089e+00,5.000000000000000000e+00,2.000000000000000111e-01,-7.697576876014267100e-02
3.000000000000000000e+01,1.058643026213687888e+00,1.100000000000000089e+00,5.000000000000000000e+00,2.000000000000000111e-01,-8.611985957400978720e+00
3.020000000000000284e+01,1.307410973734202342e+00,1.100000000000000089e+00,5.000000000000000000e+00,2.000000000000000111e-01,2.908319494076902600e+00
3.040000000000000213e+01,1.148975487037063870e+00,1.100000000000000089e+00,5.000000000000000000e+00,2.000000000000000111e-01,6.770598042305760345e+00
3.060000000000000142e+01,1.070547440520339011e+00,1.100000000000000089e+00,5.000000000000000000e+00,2.000000000000000111e-01,-6.148424311391922359e+00
3.080000000000000071e+01,1.140966284801361974e+00,1.100000000000000089e+00,5.000000000000000000e+00,2.000000000000000111e-01,-7.684246319895282618e+00
3.100000000000000000e+01,1.029828243572023183e+00,1.100000000000000089e+00,5.000000000000000000e+00,2.000000000000000111e-01,-7.907912334525331488e+00
3.120000000000000284e+01,1.200791152385403571e+00,1.100000000000000089e+00,5.000000000000000000e+00,2.000000000000000111e-01,1.886439288115509427e+00
3.140000000000000213e+01,1.123745555421377107e+00,1.100000000000000089e+00,5.000000000000000000e+00,2.000000000000000111e-01,4.425802247274809531e+00
3.160000000000000142e+01,8.689260915509198213e-01,9.000000000000000222e-01,5.000000000000000000e+00,2.000000000000000111e-01,-8.102711491959615486e+00
3.180000000000000071e+01,8.868562481853847768e-01,9.000000000000000222e-01,5.000000000000000000e+00,2.000000000000000111e-01,3.456160007620814767e+00
3.200000000000000000e+01,9.489406468506058623e-01,9.000000000000000222e-01,5.000000000000000000e+00,2.000000000000000111e-01,-3.466064642253332551e+00
3.220000000000000284e+01,8.237953413204673891e-01,9.000000000000000222e-01,5.000000000000000000e+00,2.000000000000000111e-01,8.957518753089150465e+00
3.239999999999999858e+01,7.600254431980653091e-01,9.000000000000000222e-01,5.000000000000000000e+00,2.000000000000000111e-01,6.594256727406321517e+00
3.260000000000000142e+01,7.978529885780948350e-01,9.000000000000000222e-01,5.000000000000000000e+00,2.000000000000000111e-01,-7.407443211933751215e+00
3.280000000000000426e+01,9.630395290981401679e-01,9.000000000000000222e-01,5.000000000000000000e+00,2.000000000000000111e-01,-2.767453337545773273e+00
3.300000000000000000e+01,8.905525141145677059e-01,9.000000000000000222e-01,5.000000000000000000e+00,2.000000000000000111e-01,1.285391194536039450e+00
3.320000000000000284e+01,1.012169973998389594e+00,9.000000000000000222e-01,5.000000000000000000e+00,2.000000000000000111e-01,-2.978696716062090744e+00
3.339999999999999858e+01,8.662209131729630140e-01,9.000000000000000222e-01,5.000000000000000000e+00,2.000000000000000111e-01,-5.983198662142954483e+00
3.360000000000000142e+01,9.718623400941537316e-01,9.000000000000000222e-01,5.000000000000000000e+00,2.000000000000000111e-01,-9.816541690208538284e+00
3.380000000000000426e+01,9.418390666961664603e-01,9.000000000000000222e-01,5.000000000000000000e+00,2.000000000000000111e-01,-7.295224285408745679e+00
3.400000000000000000e+01,8.608576357753964237e-01,9.000000000000000222e-01,5.000000000000000000e+00,2.000000000000000111e-01,-1.497324756887545405e+00
3.420000000000000284e+01,8.434453807648709667e-01,9.000000000000000222e-01,5.000000000000000000e+00,2.000000000000000111e-01,1.874823936017191883e+00
3.439999999999999858e+01,9.584911102508525405e-01,9.000000000000000222e-01,5.000000000000000000e+00,2.000000000000000111e-01,-3.909034596717031462e+00
3.460000000000000142e+01,1.049695604343725552e+00,9.000000000000000222e-01,5.000000000000000000e+00,2.000000000000000111e-01,-5.253141747079421719e-01
3.480000000000000426e+01,8.706431687057638591e-01,9.000000000000000222e-01,5.000000000000000000e+00,2.000000000000000111e-01,7.130128782414999478e+00
3.500000000000000000e+01,7.933876725256150397e-01,9.000000000000000222e-01,5.000000000000000000e+00,2.000000000000000111e-01,-6.995339178506183586e+00
3.520000000000000284e+01,7.987149525421620710e-01,9.000000000000000222e-01,5.000000000000000000e+00,2.000000000000000111e-01,-6.287158406395203514e+00
3.539999999999999858e+01,9.530409436712783400e-01,9.000000000000000222e-01,5.000000000000000000e+00,2.000000000000000111e-01,7.079674239127516699e+00
3.560000000000000142e+01,7.565840954178050248e-01,9.000000000000000222e-01,5.000000000000000000e+00,2.000000000000000111e-01,5.930754636974651106e+00
3.580000000000000426e+01,8.767625537432703897e-01,9.000000000000000222e-01,5.000000000000000000e+00,2.000000000000000111e-01,5.027017542147401485e+00
3.600000000000000000e+01,8.692811375016908926e-01,9.000000000000000222e-01,5.000000000000000000e+00,2.000000000000000111e-01,-9.916805618151462554e+00
3.620000000000000284e+01,8.627647379809847417e-01,9.000000000000000222e-01,5.000000000000000000e+00,2.000000000000000111e-01,3.869263484449378510e+00
3.639999999999999858e+01,9.159802084638462016e-01,9.000000000000000222e-01,5.000000000000000000e+00,2.000000000000000111e-01,2.577904616111066360e-01
3.660000000000000142e+01,9.130878066927091696e-01,9.000000000000000222e-01,5.000000000000000000e+00,2.000000000000000111e-01,2.390027443995261791e+00
3.680000000000000426e+01,8.104373532389734791e-01,9.000000000000000222e-01,5.000000000000000000e+00,2.000000000000000111e-01,4.078185284347902950e+00
3.700000000000000000e+01,9.298721340007716218e-01,9.000000000000000222e-01,5.000000000000000000e+00,2.000000000000000111e-01,2.721659085602537331e+00
3.720000000000000284e+01,9.252276098491433176e-01,9.000000000000000222e-01,5.000000000000000000e+00,2.000000000000000111e-01,4.807044164172571854e+00
3.739999999999999858e+01,8.266021591254327783e-01,9.000000000000000222e-01,5.000000000000000000e+00,2.000000000000000111e-01,8.270337633105881991e+00
3.760000000000000142e+01,8.921329277365127597e-01,9.000000000000000222e-01,5.000000000000000000e+00,2.000000000000000111e-01,-5.240965287560452879e+00
3.780000000000000426e+01,9.734307636370290728e-01,9.000000000000000222e-01,5.000000000000000000e+00,2.000000000000000111e-01,-6.866027252108466428e-01
3.800000000000000000e+01,8.568000393246785196e-01,9.000000000000000222e-01,5.000000000000000000e+00,2.000000000000000111e-01,-2.432850126266512092e+00
3.820000000000000284e+01,8.196865112003719478e-01,9.000000000000000222e-01,5.000000000000000000e+00,2.000000000000000111e-01,-2.509334816604962271e-01
3.840000000000000568e+01,8.733623607252677390e-01,9.000000000000000222e-01,5.000000000000000000e+00,2.000000000000000111e-01,4.521395787328669869e+00
3.860000000000000142e+01,1.022742676946968299e+00,9.000000000000000222e-01,5.000000000000000000e+00,2.000000000000000111e-01,7.667446030649944788e+00
3.880000000000000426e+01,9.487491644141772262e-01,9.000000000000000222e-01,5.000000000000000000e+00,2.000000000000000111e-01,9.003981674677046243e-01
3.900000000000000000e+01,9.584548190144596136e-01,9.000000000000000222e-01,5.000000000000000000e+00,2.000000000000000111e-01,6.219972797892502570e+00
3.920000000000000284e+01,8.615257483717130293e-01,9.000000000000000222e-01,5.000000000000000000e+00,2.000000000000000111e-01,-1.369994761454293553e+00
3.940000000000000568e+01,8.774154266979607986e-01,9.000000000000000222e-01,5.000000000000000000e+00,2.000000000000000111e-01,9.296223146537428761e+00
3.960000000000000142e+01,9.014134539204001761e-01,9.000000000000000222e-01,5.000000000000000000e+00,2.000000000000000111e-01,-3.557320802394443149e+00
3.980000000000000426e+01,9.576099297661552212e-01,9.000000000000000222e-01,5.000000000000000000e+00,2.000000000000000111e-01,9.209720091661178998e+00
4.000000000000000000e+01,8.476021882887547765e-01,9.000000000000000222e-01,5.000000000000000000e+00,2.000000000000000111e-01,-7.006135991885569680e+00
4.020000000000000284e+01,1.039435876454381402e+00,9.000000000000000222e-01,5.000000000000000000e+00,2.000000000000000111e-01,-6.881334429959671262e+00
4.040000000000000568e+01,1.046327209455785390e+00,9.000000000000000222e-01,5.000000000000000000e+00,2.000000000000000111e-01,-1.496271648749409877e+00
4.060000000000000142e+01,9.511398672371879082e-01,9.000000000000000222e-01,5.000000000000000000e+00,2.000000000000000111e-01,3.787158600834176880e+00
4.080000000000000426e+01,7.891306890449842903e-01,9.000000000000000222e-01,5.000000000000000000e+00,2.000000000000000111e-01,-9.099256316217402940e+00
4.100000000000000000e+01,1.017252292458347362e+00,9.000000000000000222e-01,5.000000000000000000e+00,2.000000000000000111e-01,-3.615073108438817684e+00
4.120000000000000284e+01,1.012331417234647146e+00,9.000000000000000222e-01,5.000000000000000000e+00,2.000000000000000111e-01,8.905887274518182295e+00
4.140000000000000568e+01,8.685473344701988285e-01,9.000000000000000222e-01,5.000000000000000000e+00,2.000000000000000111e-01,-8.996530892856508643e+00
4.160000000000000142e+01,9.250686947874411370e-01,9.000000000000000222e-01,5.000000000000000000e+00,2.000000000000000111e-01,3.584602854305920516e+00
4.180000000000000426e+01,8.344881097901029054e-01,9.000000000000000222e-01,5.000000000000000000e+00,2.000000000000000111e-01,-7.064375753460721441e+00
4.200000000000000000e+01,9.640407430612006889e-01,9.000000000000000222e-01,5.000000000000000000e+00,2.000000000000000111e-01,5.483928901644210541e+00
4.220000000000000284e+01,8.728246958882797113e-01,9.000000000000000222e-01,5.000000000000000000e+00,2.000000000000000111e-01,6.268981391083961796e+00
4.240000000000000568e+01,7.851613782215167703e-01,9.000000000000000222e-01,5.000000000000000000e+00,2.000000000000000111e-01,-5.009602551218474531e+00
4.260000000000000142e+01,9.230792877312444800e-01,9.000000000000000222e-01,5.000000000000000000e+00,2.000000000000000111e-01,6.637152849894569329e+00
4.280000000000000426e+01,9.532923478563258834e-01,9.000000000000000222e-01,5.000000000000000000e+00,2.000000000000000111e-01,-8.083470582172914476e+00
4.300000000000000000e+01,9.614548204016583055e-01,9.000000000000000222e-01,5.000000000000000000e+00,2.000000000000000111e-01,5.819424669189272592e+00
4.320000000000000284e+01,1.004682668643712695e+00,9.000000000000000222e-01,5.000000000000000000e+00,2.000000000000000111e-01,-6.569358502294950775e+00
4.340000000000000568e+01,7.538934114514720397e-01,9.000000000000000222e-01,5.000000000000000000e+00,2.000000000000000111e-01,6.403469508506375973e+00
4.360000000000000142e+01,9.360779319325733816e-01,9.000000000000000222e-01,5.000000000000000000e+00,2.000000000000000111e-01,-5.903706283294121171e+00
4.380000000000000426e+01,9.331248803062041075e-01,9.000000000000000222e-01,5.000000000000000000e+00,2.000000000000000111e-01,-9.399833189222693619e+00
4.400000000000000000e+01,9.919190027558739686e-01,9.000000000000000222e-01,5.000000000000000000e+00,2.000000000000000111e-01,-5.353043610981405465e+00
4.420000000000000284e+01,9.347273461956511209e-01,9.000000000000000222e-01,5.000000000000000000e+00,2.000000000000000111e-01,-2.221611708602486246e+00
4.440000000000000568e+01,1.058502624622029931e+00,9.000000000000000222e-01,5.000000000000000000e+00,2.000000000000000111e-01,1.184275792615835599e+00
4.460000000000000142e+01,9.315872350579386119e-01,9.000000000000000222e-01,5.000000000000000000e+00,2.000000000000000111e-01,6.033978192810465657e+00
4.480000000000000426e+01,1.055579537057071082e+00,9.000000000000000222e-01,5.000000000000000000e+00,2.000000000000000111e-01,-7.238829794039438603e+00
4.500000000000000000e+01,9.086655887784712560e-01,9.000000000000000222e-01,5.000000000000000000e+00,2.000000000000000111e-01,7.923478990918273013e+00
4.520000000000000284e+01,8.359522427428366376e-01,9.000000000000000222e-01,5.000000000000000000e+00,2.000000000000000111e-01,-7.748892801119784401e+00
4.540000000000000568e+01,9.003003084284428859e-01,9.000000000000000222e-01,5.000000000000000000e+00,2.000000000000000111e-01,1.872862038591602385e+00
4.560000000000000142e+01,8.931002811143512465e-01,9.000000000000000222e-01,5.000000000000000000e+00,2.000000000000000111e-01,7.072205335173347152e+00
4.580000000000000426e+01,7.929325349336290296e-01,9.000000000000000222e-01,5.000000000000000000e+00,2.000000000000000111e-01,-2.013966476698398900e+00
4.600000000000000000e+01,8.760830394590926051e-01,9.000000000000000222e-01,5.000000000000000000e+00,2.000000000000000111e-01,8.796978533175440873e+00
4.620000000000000284e+01,1.085462782901435386e+00,9.000000000000000222e-01,5.000000000000000000e+00,2.000000000000000111e-01,-6.199944862773863363e+00
4.640000000000000568e+01,9.370208065178199375e-01,9.000000000000000222e-01,5.000000000000000000e+00,2.000000000000000111e-01,-2.649556103025858533e+00
4.660000000000000142e+01,8.396857443404336374e-01,9.000000000000000222e-01,5.000000000000000000e+00,2.000000000000000111e-01,-5.278989925809048245e+00
4.680000000000000426e+01,7.931657684569723976e-01,9.000000000000000222e-01,5.000000000000000000e+00,2.000000000000000111e-01,6.428683047148922469e+00
4.700000000000000000e+01,1.013258236064009221e+00,9.000000000000000222e-01,5.000000000000000000e+00,2.000000000000000111e-01,6.180828896629215308e+00
4.720000000000000284e+01,7.888296716583276247e-01,9.000000000000000222e-01,5.000000000000000000e+00,2.000000000000000111e-01,-4.600254652288342072e+00
4.740000000000000568e+01,9.643120654935511959e-01,9.000000000000000222e-01,5.000000000000000000e+00,2.000000000000000111e-01,-9.240554206466164544e+00
4.760000000000000142e+01,9.286584616052561136e-01,9.000000000000000222e-01,5.000000000000000000e+00,2.000000000000000111e-01,-5.019512571300499104e+00
4.780000000000000426e+01,8.079372274704219592e-01,9.000000000000000222e-01,5.000000000000000000e+00,2.000000000000000111e-01,8.205975798128847032e+00
4.800000000000000000e+01,9.166318673158682095e-01,9.000000000000000222e-01,5.000000000000000000e+00,2.000000000000000111e-01,6.917501577924440426e+00
4.820000000000000284e+01,9.979249019062795822e-01,9.000000000000000222e-01,5.000000000000000000e+00,2.000000000000000111e-01,5.249206403005395316e+00
4.840000000000000568e+01,8.292286627389400255e-01,9.000000000000000222e-01,5.000000000000000000e+00,2.000000000000000111e-01,2.573150092803171418e-01
4.860000000000000142e+01,9.286775385469392408e-01,9.000000000000000222e-01,5.000000000000000000e+00,2.000000000000000111e-01,-4.097371737711075212e-01
4.880000000000000426e+01,9.309549620014606619e-01,9.000000000000000222e-01,5.000000000000000000e+00,2.000000000000000111e-01,6.686763314741284603e+00
4.900000000000000000e+01,8.591014387127832164e-01,9.000000000000000222e-01,5.000000000000000000e+00,2.000000000000000111e-01,-7.734210843732805429e+00
4.920000000000000284e+01,8.366301679877716779e-01,9.000000000000000222e-01,5.000000000000000000e+00,2.000000000000000111e-01,-1.423279226946846165e+00
4.940000000000000568e+01,1.006150180922805060e+00,9.000000000000000222e-01,5.000000000000000000e+00,2.000000000000000111e-01,-3.721152005488548298e-02
4.960000000000000142e+01,1.007017996148921180e+00,9.000000000000000222e-01,5.000000000000000000e+00,2.000000000000000111e-01,4.493534210901927395e+00
4.980000000000000426e+01,1.003134225723624873e+00,9.000000000000000222e-01,5.000000000000000000e+00,2.000000000000000111e-01,-2.402808544151053383e+00
5.000000000000000000e+01,8.390183092943646059e-01,9.000000000000000222e-01,5.000000000000000000e+00,2.000000000000000111e-01,-1.157229006793834003e-01
5.020000000000000284e+01,8.599598280860604183e-01,9.000000000000000222e-01,5.000000000000000000e+00,2.000000000000000111e-01,9.968466897288266182e-01
5.040000000000000568e+01,8.872761690655628364e-01,9.000000000000000222e-01,5.000000000000000000e+00,2.000000000000000111e-01,-8.405605961930538328e+00
5.060000000000000142e+01,8.255324989716837925e-01,9.000000000000000222e-01,5.000000000000000000e+00,2.000000000000000111e-01,-7.725597281054172427e+00
5.080000000000000426e+01,8.064979425401177515e-01,9.000000000000000222e-01,5.000000000000000000e+00,2.000000000000000111e-01,4.276290369624556220e+00
5.100000000000000000e+01,8.755634242288308222e-01,9.000000000000000222e-01,5.000000000000000000e+00,2.000000000000000111e-01,-4.050001947857023055e+00
5.120000000000000284e+01,9.166329431167763442e-01,9.000000000000000222e-01,5.000000000000000000e+00,2.000000000000000111e-01,4.599138139017913574e+00
5.140000000000000568e+01,8.997664518442081150e-01,9.000000000000000222e-01,5.000000000000000000e+00,2.000000000000000111e-01,-8.900610912447046275e+00
5.160000000000000142e+01,7.960059910580127296e-01,9.000000000000000222e-01,5.000000000000000000e+00,2.000000000000000111e-01,-7.574938258377308387e-01
5.180000000000000426e+01,8.458751269899039693e-01,9.000000000000000222e-01,5.000000000000000000e+00,2.000000000000000111e-01,-3.819199013583459035e+00
5.200000000000000000e+01,8.828965641181820700e-01,9.000000000000000222e-01,5.000000000000000000e+00,2.000000000000000111e-01,4.903212952251426060e+00
5.220000000000000284e+01,9.107240149320885436e-01,9.000000000000000222e-01,5.000000000000000000e+00,2.000000000000000111e-01,7.181588126199297761e+00
5.240000000000000568e+01,9.728633262637683687e-01,9.000000000000000222e-01,5.000000000000000000e+00,2.000000000000000111e-01,6.826837957147109393e-01
5.260000000000000142e+01,8.588190282974585976e-01,9.000000000000000222e-01,5.000000000000000000e+00,2.000000000000000111e-01,5.732099786282169873e-01
5.280000000000000426e+01,1.083010159067403944e+00,9.000000000000000222e-01,5.000000000000000000e+00,2.000000000000000111e-01,5.733171418657612151e-01
5.300000000000000000e+01,9.087711995703016132e-01,9.000000000000000222e-01,5.000000000000000000e+00,2.000000000000000111e-01,-8.639953934963157778e+00
5.320000000000000284e+01,8.947753543841634460e-01,9.000000000000000222e-01,5.000000000000000000e+00,2.000000000000000111e-01,-1.031248508923475526e+00
5.340000000000000568e+01,9.841362678370713102e-01,9.000000000000000222e-01,5.000000000000000000e+00,2.000000000000000111e-01,6.829188108289564241e+00
5.360000000000000142e+01,9.224204295970619416e-01,9.000000000000000222e-01,5.000000000000000000e+00,2.000000000000000111e-01,-7.522475104937862866e+00
5.380000000000000426e+01,7.592902019767973076e-01,9.000000000000000222e-01,5.000000000000000000e+00,2.000000000000000111e-01,-7.500065292201729683e+00
5.400000000000000000e+01,8.674142000025293342e-01,9.000000000000000222e-01,5.000000000000000000e+00,2.000000000000000111e-01,-8.036451447325308806e+00
5.420000000000000284e+01,7.688229737122911356e-01,9.000000000000000222e-01,5.000000000000000000e+00,2.000000000000000111e-01,-8.074011259142785946e+00
5.440000000000000568e+01,8.790223952791532680e-01,9.000000000000000222e-01,5.000000000000000000e+00,2.000000000000000111e-01,-7.939047506161596601e+00
5.460000000000000142e+01,8.375913046326214362e-01,9.000000000000000222e-01,5.000000000000000000e+00,2.000000000000000111e-01,-8.228024464788227021e+00
5.480000000000000426e+01,7.884956564352035846e-01,9.000000000000000222e-01,5.000000000000000000e+00,2.000000000000000111e-01,-1.961849907586270092e+00
5.500000000000000000e+01,7.195892216237406158e-01,9.000000000000000222e-01,5.000000000000000000e+00,2.000000000000000111e-01,-2.798384399420326574e+00
5.520000000000000284e+01,8.569398232343938826e-01,9.000000000000000222e-01,5.000000000000000000e+00,2.000000000000000111e-01,1.843814080367971897e+00
5.540000000000000568e+01,9.931617924528877150e-01,9.000000000000000222e-01,5.000000000000000000e+00,2.000000000000000111e-01,8.637645002676112682e+00
5.560000000000000142e+01,8.366364130433365798e-01,9.000000000000000222e-01,5.000000000000000000e+00,2.000000000000000111e-01,-6.699043897457634955e+00
5.580000000000000426e+01,1.029994149011645321e+00,9.000000000000000222e-01,5.000000000000000000e+00,2.000000000000000111e-01,5.999453804470354257e+00
5.600000000000000000e+01,8.750248981523967018e-01,9.000000000000000222e-01,5.000000000000000000e+00,2.000000000000000111e-01,6.596440606818767094e+00
5.620000000000000284e+01,9.407825621881408251e-01,9.000000000000000222e-01,5.000000000000000000e+00,2.000000000000000111e-01,-8.061176935089594764e+00
5.640000000000000568e+01,7.763971349877073491e-01,9.000000000000000222e-01,5.000000000000000000e+00,2.000000000000000111e-01,7.648783302348512336e+00
5.660000000000000142e+01,8.836819425741616607e-01,9.000000000000000222e-01,5.000000000000000000e+00,2.000000000000000111e-01,-4.050190820319925500e+00
5.680000000000000426e+01,8.387221456321656277e-01,9.000000000000000222e-01,5.000000000000000000e+00,2.000000000000000111e-01,5.882379761119407746e+00
5.700000000000000000e+01,1.035084701389213269e+00,9.000000000000000222e-01,5.000000000000000000e+00,2.000000000000000111e-01,1.221521188192298268e+00
5.720000000000000284e+01,1.009973820752320117e+00,9.000000000000000222e-01,5.000000000000000000e+00,2.000000000000000111e-01,3.393388953985155609e+00
5.740000000000000568e+01,1.055027539034818940e+00,9.000000000000000222e-01,5.000000000000000000e+00,2.000000000000000111e-01,-3.935023667502706601e+00
5.760000000000000142e+01,1.004250683432073910e+00,9.000000000000000222e-01,5.000000000000000000e+00,2.000000000000000111e-01,9.454743675084973376e+00
5.780000000000000426e+01,8.193348725625335671e-01,9.000000000000000222e-01,5.000000000000000000e+00,2.000000000000000111e-01,8.313660540785505759e+00
5.800000000000000000e+01,9.978161684452742097e-01,9.000000000000000222e-01,5.000000000000000000e+00,2.000000000000000111e-01,5.597885624403815541e-01
5.820000000000000284e+01,9.465526271379931522e-01,9.000000000000000222e-01,5.000000000000000000e+00,2.000000000000000111e-01,6.866895751135860593e+00
5.840000000000000568e+01,8.047593058604461946e-01,9.000000000000000222e-01,5.000000000000000000e+00,2.000000000000000111e-01,7.783325174652901524e+00
5.860000000000000142e+01,1.056300989344308494e+00,9.000000000000000222e-01,5.000000000000000000e+00,2.000000000000000111e-01,3.671083889572038572e+00
5.880000000000000426e+01,9.200786927396825687e-01,9.000000000000000222e-01,5.000000000000000000e+00,2.000000000000000111e-01,2.492838452510397929e+00
5.900000000000000000e+01,9.811632425672551783e-01,9.000000000000000222e-01,5.000000000000000000e+00,2.000000000000000111e-01,-4.839779977061176020e+00
5.920000000000000284e+01,8.851560088734778953e-01,9.000000000000000222e-01,5.000000000000000000e+00,2.000000000000000111e-01,-6.309578461671190297e+00
5.940000000000000568e+01,1.081453086894621052e+00,9.000000000000000222e-01,5.000000000000000000e+00,2.000000000000000111e-01,4.368104310404316237e+00
5.960000000000000142e+01,8.740131913580692080e-01,9.000000000000000222e-01,5.000000000000000000e+00,2.000000000000000111e-01,-1.200322989296793708e-01
5.980000000000000426e+01,8.074811952311388152e-01,9.000000000000000222e-01,5.000000000000000000e+00,2.000000000000000111e-01,-4.438922745802276637e+00
6.000000000000000000e+01,9.200686769712733692e-01,9.000000000000000222e-01,5.000000000000000000e+00,2.000000000000000111e-01,6.474392086766670218e+00
6.020000000000000284e+01,9.062587277908206174e-01,9.000000000000000222e-01,5.000000000000000000e+00,2.000000000000000111e-01,-9.869044552636641043e+00
6.040000000000000568e+01,8.926699229434654770e-01,9.000000000000000222e-01,5.000000000000000000e+00,2.000000000000000111e-01,3.270293269208561782e+00
6.060000000000000142e+01,9.207629921928828232e-01,9.000000000000000222e-01,5.000000000000000000e+00,2.000000000000000111e-01,-1.590794269194010013e+00
6.080000000000000426e+01,9.119818268516025617e-01,9.000000000000000222e-01,5.000000000000000000e+00,2.000000000000000111e-01,1.905938172103249784e+00
6.100000000000000000e+01,9.587037907775719514e-01,9.000000000000000222e-01,5.000000000000000000e+00,2.000000000000000111e-01,4.043891391649605538e+00
6.120000000000000284e+01,1.010189419835079594e+00,9.000000000000000222e-01,5.000000000000000000e+00,2.000000000000000111e-01,-2.133442518400645582e+00
6.140000000000000568e+01,8.720676057398846215e-01,9.000000000000000222e-01,5.000000000000000000e+00,2.000000000000000111e-01,2.453401754937061696e+00
6.160000000000000142e+01,9.649973416060934062e-01,9.000000000000000222e-01,5.000000000000000000e+00,2.000000000000000111e-01,-9.117572088400631714e-01
6.180000000000000426e+01,7.813297489748769475e-01,9.000000000000000222e-01,5.000000000000000000e+00,2.000000000000000111e-01,7.632987503285029618e+00
6.200000000000000000e+01,9.185149061761268552e-01,9.000000000000000222e-01,5.000000000000000000e+00,2.000000000000000111e-01,-9.092185561886436673e+00
6.220000000000000284e+01,8.068984006750945515e-01,9.000000000000000222e-01,5.000000000000000000e+00,2.000000000000000111e-01,-7.659863381541609506e+00
6.240000000000000568e+01,8.758737116070368645e-01,9.000000000000000222e-01,5.000000000000000000e+00,2.000000000000000111e-01,-6.347441147517534077e+00
6.260000000000000142e+01,9.479111693542559003e-01,9.000000000000000222e-01,5.000000000000000000e+00,2.000000000000000111e-01,-1.327848408878860909e+00
6.280000000000000426e+01,1.089325165055674782e+00,9.000000000000000222e-01,5.000000000000000000e+00,2.000000000000000111e-01,7.881318282882617154e+00
6.300000000000000000e+01,7.539977150840787568e-01,9.000000000000000222e-01,5.000000000000000000e+00,2.000000000000000111e-01,9.910931743293090790e+00
6.320000000000000284e+01,8.964672313148318583e-01,9.000000000000000222e-01,5.000000000000000000e+00,2.000000000000000111e-01,-4.896018321299644427e+00
6.340000000000000568e+01,8.658003693561460157e-01,9.000000000000000222e-01,5.000000000000000000e+00,2.000000000000000111e-01,4.432844325065900648e+00
6.360000000000000142e+01,8.942460129295347615e-01,9.000000000000000222e-01,5.000000000000000000e+00,2.000000000000000111e-01,2.502975287862128084e-01
6.380000000000000426e+01,8.912948016241436511e-01,9.000000000000000222e-01,5.000000000000000000e+00,2.000000000000000111e-01,8.207426976885969339e+00
6.400000000000000000e+01,1.033870328713042852e+00,9.000000000000000222e-01,5.000000000000000000e+00,2.000000000000000111e-01,2.076682223613362410e+00
6.420000000000000284e+01,9.978673372562962829e-01,9.000000000000000222e-01,5.000000000000000000e+00,2.000000000000000111e-01,-2.708970246349144517e+00
6.440000000000000568e+01,5.906666199173482568e-01,9.000000000000000222e-01,5.000000000000000000e+00,2.000000000000000111e-01,5.391356199419757189e+00
6.460000000000000853e+01,8.300190889949755624e-01,9.000000000000000222e-01,5.000000000000000000e+00,2.000000000000000111e-01,5.522122549270100933e-01
6.479999999999999716e+01,9.174647340939922069e-01,9.000000000000000222e-01,5.000000000000000000e+00,2.000000000000000111e-01,1.752291748904363899e+00
6.500000000000000000e+01,8.002338572264569017e-01,1.000000000000000000e+00,5.000000000000000000e+00,2.000000000000000111e-01,-4.009297013732322057e+00
6.520000000000000284e+01,9.756665684072668432e-01,1.000000000000000000e+00,5.000000000000000000e+00,2.000000000000000111e-01,3.235807598004640795e+00
6.540000000000000568e+01,9.269022503696306980e-01,1.000000000000000000e+00,5.000000000000000000e+00,2.000000000000000111e-01,7.164532627502701700e+00
6.560000000000000853e+01,1.025250162279423005e+00,1.000000000000000000e+00,5.000000000000000000e+00,2.000000000000000111e-01,-9.625540638166629748e+00
6.579999999999999716e+01,9.674080207299972090e-01,1.000000000000000000e+00,5.000000000000000000e+00,2.000000000000000111e-01,7.206384279732311882e+00
6.600000000000000000e+01,1.038690063672817354e+00,1.000000000000000000e+00,5.000000000000000000e+00,2.000000000000000111e-01,8.847488158260407687e+00
6.620000000000000284e+01,8.908444834786650723e-01,1.000000000000000000e+00,5.000000000000000000e+00,2.000000000000000111e-01,-9.661964745254998377e-01
6.640000000000000568e+01,1.027838210435396249e+00,1.000000000000000000e+00,5.000000000000000000e+00,2.000000000000000111e-01,-9.717346348321946436e+00
6.660000000000000853e+01,1.055239403248495078e+00,1.000000000000000000e+00,5.000000000000000000e+00,2.000000000000000111e-01,-4.839284071962897116e+00
6.679999999999999716e+01,1.030957948275398328e+00,1.000000000000000000e+00,5.000000000000000000e+00,2.000000000000000111e-01,7.858451883951850903e+00
6.700000000000000000e+01,9.727946638308411220e-01,1.000000000000000000e+00,5.000000000000000000e+00,2.000000000000000111e-01,-8.701032874887653534e+00
6.720000000000000284e+01,1.025948939446129859e+00,1.000000000000000000e+00,5.000000000000000000e+00,2.000000000000000111e-01,-8.172294182324250755e+00
6.740000000000000568e+01,1.079642625332307482e+00,1.000000000000000000e+00,5.000000000000000000e+00,2.000000000000000111e-01,8.955209346630162770e+00
6.760000000000000853e+01,9.245372837410675837e-01,1.000000000000000000e+00,5.000000000000000000e+00,2.000000000000000111e-01,-8.316221402721442502e+00
6.779999999999999716e+01,1.077387540936857180e+00,1.000000000000000000e+00,5.000000000000000000e+00,2.000000000000000111e-01,9.275324716383600787e+00
6.800000000000000000e+01,8.569178471088589877e-01,9.000000000000000222e-01,5.000000000000000000e+00,2.000000000000000111e-01,-7.205932887720156721e+00
6.820000000000000284e+01,8.235419308391755955e-01,9.000000000000000222e-01,5.000000000000000000e+00,2.000000000000000111e-01,-1.979163961849391029e+00
6.840000000000000568e+01,1.019049217397248519e+00,1.000000000000000000e+00,5.000000000000000000e+00,2.000000000000000111e-01,4.970777830226488447e+00
6.860000000000000853e+01,8.950810945628313586e-01,1.000000000000000000e+00,5.000000000000000000e+00,2.000000000000000111e-01,-5.179131883775751177e+00
6.879999999999999716e+01,1.102409649602857922e+00,1.000000000000000000e+00,5.000000000000000000e+00,2.000000000000000111e-01,-6.697399087458264511e+00
6.900000000000000000e+01,9.261112628294188021e-01,1.000000000000000000e+00,5.000000000000000000e+00,2.000000000000000111e-01,6.478542712916393498e+00
6.920000000000000284e+01,1.045471896512625065e+00,1.000000000000000000e+00,5.000000000000000000e+00,2.000000000000000111e-01,-3.556857547799562980e+00
6.940000000000000568e+01,1.148309858848939102e+00,1.000000000000000000e+00,5.000000000000000000e+00,2.000000000000000111e-01,-8.979490640619115283e+00
6.960000000000000853e+01,1.044498287683895077e+00,1.000000000000000000e+00,5.000000000000000000e+00,2.000000000000000111e-01,7.515968856396991526e+00
6.979999999999999716e+01,8.306139026378015489e-01,1.000000000000000000e+00,5.000000000000000000e+00,2.000000000000000111e-01,-7.067505415923709400e+00
7.000000000000000000e+01,1.096749017220350231e+00,1.000000000000000000e+00,5.000000000000000000e+00,2.000000000000000111e-01,-6.460840621125589323e+00
7.020000000000000284e+01,9.403168007247778570e-01,1.000000000000000000e+00,5.000000000000000000e+00,2.000000000000000111e-01,-6.017986820501139533e+00
7.040000000000000568e+01,1.026302704598103466e+00,1.000000000000000000e+00,5.000000000000000000e+00,2.000000000000000111e-01,9.555097872680622828e+00
7.060000000000000853e+01,1.036204616127086808e+00,1.000000000000000000e+00,5.000000000000000000e+00,2.000000000000000111e-01,-2.298769508253872829e+00
7.079999999999999716e+01,1.106247184045810794e+00,1.000000000000000000e+00,5.000000000000000000e+00,2.000000000000000111e-01,-9.587980845646296046e+00
7.100000000000000000e+01,8.939004696701753350e-01,1.000000000000000000e+00,5.000000000000000000e+00,2.000000000000000111e-01,-6.362705205260286156e+00
7.120000000000000284e+01,1.050381582153177451e+00,1.000000000000000000e+00,5.000000000000000000e+00,2.000000000000000111e-01,5.525926752649024110e-01
7.140000000000000568e+01,9.762799594569457895e-01,1.000000000000000000e+00,5.000000000000000000e+00,2.000000000000000111e-01,1.249995886306473736e+00
7.160000000000000853e+01,9.192819086486974101e-01,1.000000000000000000e+00,5.000000000000000000e+00,2.000000000000000111e-01,-8.326466114456716028e+00
7.179999999999999716e+01,9.166101586706003612e-01,1.000000000000000000e+00,5.000000000000000000e+00,2.000000000000000111e-01,4.632996609864296289e+00
7.200000000000000000e+01,1.203277797708980801e+00,1.000000000000000000e+00,5.000000000000000000e+00,2.000000000000000111e-01,-2.686304628706457365e+00
7.220000000000000284e+01,1.096478010225869770e+00,1.000000000000000000e+00,5.000000000000000000e+00,2.000000000000000111e-01,-9.109363347688841372e+00
7.240000000000000568e+01,9.911962835494994017e-01,1.000000000000000000e+00,5.000000000000000000e+00,2.000000000000000111e-01,9.718684201079550888e+00
7.260000000000000853e+01,1.000444953439122431e+00,1.000000000000000000e+00,5.000000000000000000e+00,2.000000000000000111e-01,7.930253608651007369e+00
7.279999999999999716e+01,1.174654693217389134e+00,1.000000000000000000e+00,5.000000000000000000e+00,2.000000000000000111e-01,-9.558925593482570093e-02
7.300000000000000000e+01,9.507539486287601704e-01,1.000000000000000000e+00,5.000000000000000000e+00,2.000000000000000111e-01,7.787194109788156737e+00
7.320000000000000284e+01,9.250037394899542909e-01,1.000000000000000000e+00,5.000000000000000000e+00,2.000000000000000111e-01,-3.141284854381556357e+00
7.340000000000000568e+01,1.191381254165398973e+00,1.000000000000000000e+00,5.000000000000000000e+00,2.000000000000000111e-01,-3.847249883414669114e+00
7.360000000000000853e+01,1.022386667079929312e+00,1.000000000000000000e+00,5.000000000000000000e+00,2.000000000000000111e-01,4.326342231394388449e+00
7.379999999999999716e+01,1.021776636845551423e+00,1.000000000000000000e+00,5.000000000000000000e+00,2.000000000000000111e-01,4.943456571957751677e+00
7.400000000000000000e+01,1.012348610109417901e+00,1.000000000000000000e+00,5.000000000000000000e+00,2.000000000000000111e-01,-9.608203296597928045e+00
7.420000000000000284e+01,1.041328779311815778e+00,1.000000000000000000e+00,5.000000000000000000e+00,2.000000000000000111e-01,1.264339252101223110e+00
7.440000000000000568e+01,8.801583391684265623e-01,1.000000000000000000e+00,5.000000000000000000e+00,2.000000000000000111e-01,8.085381345676658782e+00
7.460000000000000853e+01,1.135891924201234859e+00,1.000000000000000000e+00,5.000000000000000000e+00,2.000000000000000111e-01,-4.125236652545472005e+00
7.479999999999999716e+01,8.211973741043181452e-01,1.000000000000000000e+00,5.000000000000000000e+00,2.000000000000000111e-01,7.011857133708204515e+00
7.500000000000000000e+01,9.390145911257028466e-01,1.000000000000000000e+00,5.000000000000000000e+00,2.000000000000000111e-01,4.276502505469519377e-01
7.520000000000000284e+01,9.180954032628292349e-01,1.000000000000000000e+00,5.000000000000000000e+00,2.000000000000000111e-01,7.625664329329339353e+00
7.540000000000000568e+01,1.056923018301093808e+00,1.000000000000000000e+00,5.000000000000000000e+00,2.000000000000000111e-01,-7.664610082972799887e+00
7.560000000000000853e+01,1.046361170697204024e+00,1.000000000000000000e+00,5.000000000000000000e+00,2.000000000000000111e-01,1.553182993940087187e+00
7.579999999999999716e+01,9.828823805788713397e-01,1.000000000000000000e+00,5.000000000000000000e+00,2.000000000000000111e-01,-7.310133317712690371e-01
7.600000000000000000e+01,1.063981104753873197e+00,1.000000000000000000e+00,5.000000000000000000e+00,2.000000000000000111e-01,2.701633971119576927e-02
7.620000000000000284e+01,1.096767188242594226e+00,1.000000000000000000e+00,5.000000000000000000e+00,2.000000000000000111e-01,4.514862369185923541e-01
7.640000000000000568e+01,1.130258325962534283e+00,1.000000000000000000e+00,5.000000000000000000e+00,2.000000000000000111e-01,-4.886348856960056608e+00
7.660000000000000853e+01,1.035026289945269129e+00,1.000000000000000000e+00,5.000000000000000000e+00,2.000000000000000111e-01,-2.248525562513929543e+00
7.680000000000001137e+01,1.027929047995093992e+00,1.000000000000000000e+00,5.000000000000000000e+00,2.000000000000000111e-01,-7.466839009394760751e+00
7.700000000000000000e+01,8.914815249540564146e-01,1.000000000000000000e+00,5.000000000000000000e+00,2.000000000000000111e-01,-3.182757458163061770e+00
7.720000000000000284e+01,9.858828849841114739e-01,1.000000000000000000e+00,5.000000000000000000e+00,2.000000000000000111e-01,-7.705303499878799478e+00
7.740000000000000568e+01,1.071909712002004467e+00,1.100000000000000089e+00,5.000000000000000000e+00,2.000000000000000111e-01,7.104879681590613671e+00
7.760000000000000853e+01,1.267753924031182144e+00,1.100000000000000089e+00,5.000000000000000000e+00,2.000000000000000111e-01,-2.812206252197904099e+00
7.780000000000001137e+01,9.681475958493144240e-01,1.100000000000000089e+00,5.000000000000000000e+00,2.000000000000000111e-01,7.901388426916682306e+00
7.800000000000000000e+01,1.014581821382713578e+00,1.100000000000000089e+00,5.000000000000000000e+00,2.000000000000000111e-01,-4.654400384826987036e+00
7.820000000000000284e+01,1.152283713927646946e+00,1.100000000000000089e+00,5.000000000000000000e+00,2.000000000000000111e-01,-4.260559369280898068e+00
7.840000000000000568e+01,1.319788929052728266e+00,1.100000000000000089e+00,5.000000000000000000e+00,2.000000000000000111e-01,9.728897386877331854e+00
7.860000000000000853e+01,1.153986891164771267e+00,1.100000000000000089e+00,5.000000000000000000e+00,2.000000000000000111e-01,3.228817489104422123e+00
7.880000000000001137e+01,1.026671057998489456e+00,1.100000000000000089e+00,5.000000000000000000e+00,2.000000000000000111e-01,9.859477802451667827e+00
7.900000000000000000e+01,1.047247275867877248e+00,1.100000000000000089e+00,5.000000000000000000e+00,2.000000000000000111e-01,6.292901504615610264e+00
7.920000000000000284e+01,9.917464695060647095e-01,1.100000000000000089e+00,5.000000000000000000e+00,2.000000000000000111e-01,5.505375822361077809e+00
7.940000000000000568e+01,1.097268676446994773e+00,1.100000000000000089e+00,5.000000000000000000e+00,2.000000000000000111e-01,5.378975154579862306e+00
7.960000000000000853e+01,1.018163852809651937e+00,1.100000000000000089e+00,5.000000000000000000e+00,2.000000000000000111e-01,-9.331202861548529626e+00
7.980000000000001137e+01,1.120299568631998310e+00,1.100000000000000089e+00,5.000000000000000000e+00,2.000000000000000111e-01,4.669976915702580555e+00
8.000000000000000000e+01,8.904288484510293200e-01,1.100000000000000089e+00,5.000000000000000000e+00,2.000000000000000111e-01,-7.469683834074791307e+00
8.020000000000000284e+01,9.943135362274007072e-01,1.100000000000000089e+00,5.000000000000000000e+00,2.000000000000000111e-01,6.447214713794142682e+00
8.040000000000000568e+01,1.142148192613577029e+00,1.100000000000000089e+00,5.000000000000000000e+00,2.000000000000000111e-01,-8.430356450281173863e+00
8.060000000000000853e+01,1.176987544623308457e+00,1.100000000000000089e+00,5.000000000000000000e+00,2.000000000000000111e-01,2.734715958901317023e+00
8.080000000000001137e+01,9.378294125139565729e-01,1.100000000000000089e+00,5.000000000000000000e+00,2.000000000000000111e-01,-3.606930899686407344e+00
8.100000000000000000e+01,1.054011062779451890e+00,1.100000000000000089e+00,5.000000000000000000e+00,2.000000000000000111e-01,9.677058223242404722e+00
8.120000000000000284e+01,1.047356199058111725e+00,1.100000000000000089e+00,5.000000000000000000e+00,2.000000000000000111e-01,-8.326703190974667379e+00
8.140000000000000568e+01,1.118653702446494647e+00,1.100000000000000089e+00,5.000000000000000000e+00,2.000000000000000111e-01,6.593788741038647316e+00
8.160000000000000853e+01,1.068883882686200160e+00,1.100000000000000089e+00,5.000000000000000000e+00,2.000000000000000111e-01,3.590416368712576300e+00
8.180000000000001137e+01,1.105838585455303669e+00,1.100000000000000089e+00,5.000000000000000000e+00,2.000000000000000111e-01,-6.263284651957365945e+00
8.200000000000000000e+01,1.134386315365641051e+00,1.100000000000000089e+00,5.000000000000000000e+00,2.000000000000000111e-01,5.903534019680680700e+00
8.220000000000000284e+01,1.159971241524877295e+00,1.100000000000000089e+00,5.000000000000000000e+00,2.000000000000000111e-01,-4.533313017560915981e+00
8.240000000000000568e+01,1.439589985363458391e+00,1.100000000000000089e+00,5.000000000000000000e+00,2.000000000000000111e-01,4.673192040391908719e+00
8.260000000000000853e+01,1.088567425855162529e+00,1.100000000000000089e+00,5.000000000000000000e+00,2.000000000000000111e-01,-4.309211696359636079e+00
8.280000000000001137e+01,1.000681969790057746e+00,1.100000000000000089e+00,5.000000000000000000e+00,2.000000000000000111e-01,-7.883214476570071128e+00
8.300000000000000000e+01,1.252186064562185397e+00,1.100000000000000089e+00,5.000000000000000000e+00,2.000000000000000111e-01,2.887122204908365575e+00
8.320000000000000284e+01,1.178700015715278715e+00,1.100000000000000089e+00,5.000000000000000000e+00,2.000000000000000111e-01,-4.921668804013332732e+00
8.340000000000000568e+01,1.028836286656185761e+00,1.100000000000000089e+00,5.000000000000000000e+00,2.000000000000000111e-01,-6.814008406817446684e+00
8.360000000000000853e+01,1.077987968159274335e+00,1.100000000000000089e+00,5.000000000000000000e+00,2.000000000000000111e-01,-7.773901209656120415e+00
8.380000000000001137e+01,1.007058696961001587e+00,1.100000000000000089e+00,5.000000000000000000e+00,2.000000000000000111e-01,2.092563495906400561e+00
8.400000000000000000e+01,1.141880582865665739e+00,1.100000000000000089e+00,5.000000000000000000e+00,2.000000000000000111e-01,3.365830224772562218e+00
8.420000000000000284e+01,1.162601443471070972e+00,1.100000000000000089e+00,5.000000000000000000e+00,2.000000000000000111e-01,3.219517333307654994e+00
8.440000000000000568e+01,1.010866959794399111e+00,1.100000000000000089e+00,5.000000000000000000e+00,2.000000000000000111e-01,-5.317445331878849046e+00
8.460000000000000853e+01,9.583612092409172778e-01,1.100000000000000089e+00,5.000000000000000000e+00,2.000000000000000111e-01,2.830330044397175726e+00
8.480000000000001137e+01,1.087027338886336736e+00,1.100000000000000089e+00,5.000000000000000000e+00,2.000000000000000111e-01,-5.225183423959281370e+00
8.500000000000000000e+01,1.179973841546444691e+00,1.100000000000000089e+00,5.000000000000000000e+00,2.000000000000000111e-01,9.894798084789350412e+00
8.520000000000000284e+01,9.027305819386809427e-01,1.100000000000000089e+00,5.000000000000000000e+00,2.000000000000000111e-01,-4.217054166940153337e+00
8.540000000000000568e+01,1.017103990724415041e+00,1.100000000000000089e+00,5.000000000000000000e+00,2.000000000000000111e-01,4.794698875827474893e+00
8.560000000000000853e+01,9.987547396884990381e-01,1.100000000000000089e+00,5.000000000000000000e+00,2.000000000000000111e-01,-5.725213707308993705e+00
8.580000000000001137e+01,1.010889183680864223e+00,1.100000000000000089e+00,5.000000000000000000e+00,2.000000000000000111e-01,-5.611032848997581368e-01
8.600000000000000000e+01,1.126766888692013246e+00,1.100000000000000089e+00,5.000000000000000000e+00,2.000000000000000111e-01,2.783354114453981509e+00
8.620000000000000284e+01,1.123530967957905746e+00,1.000000000000000000e+00,5.000000000000000000e+00,2.000000000000000111e-01,4.011656952585465064e+00
8.640000000000000568e+01,9.588150048511929757e-01,1.000000000000000000e+00,5.000000000000000000e+00,2.000000000000000111e-01,-2.296216102009829285e+00
8.660000000000000853e+01,1.027682267092748347e+00,1.000000000000000000e+00,5.000000000000000000e+00,2.000000000000000111e-01,-4.853572183249195149e-01
8.680000000000001137e+01,9.888619528882395260e-01,1.000000000000000000e+00,5.000000000000000000e+00,2.000000000000000111e-01,9.322072918001019559e+00
8.700000000000000000e+01,9.866421003007194157e-01,1.000000000000000000e+00,5.000000000000000000e+00,2.000000000000000111e-01,-1.777645327604462366e+00
8.720000000000000284e+01,9.966125051635809085e-01,1.000000000000000000e+00,5.000000000000000000e+00,2.000000000000000111e-01,-6.207527395031591233e+00
8.740000000000000568e+01,1.010122412840720907e+00,1.000000000000000000e+00,5.000000000000000000e+00,2.000000000000000111e-01,4.312688705480461238e+00
8.760000000000000853e+01,9.632742322045827477e-01,1.000000000000000000e+00,5.000000000000000000e+00,2.000000000000000111e-01,-1.176147795603625923e+00
8.780000000000001137e+01,9.338768433767484778e-01,1.000000000000000000e+00,5.000000000000000000e+00,2.000000000000000111e-01,-2.855834471377011852e+00
8.800000000000000000e+01,1.016251316931710225e+00,1.000000000000000000e+00,5.000000000000000000e+00,2.000000000000000111e-01,-3.995125873647118908e+00
8.820000000000000284e+01,8.417028854810385541e-01,1.000000000000000000e+00,5.000000000000000000e+00,2.000000000000000111e-01,-3.717039658662013579e-01
8.840000000000000568e+01,1.092087696515669837e+00,1.000000000000000000e+00,5.000000000000000000e+00,2.000000000000000111e-01,6.011782837528933499e+00
8.860000000000000853e+01,9.788376090476988978e-01,1.000000000000000000e+00,5.000000000000000000e+00,2.000000000000000111e-01,-4.716344013682731706e+00
8.880000000000001137e+01,1.080159375970372038e+00,1.000000000000000000e+00,5.000000000000000000e+00,2.000000000000000111e-01,-6.748167284860400628e+00
8.900000000000000000e+01,9.360197757932698925e-01,1.000000000000000000e+00,5.000000000000000000e+00,2.000000000000000111e-01,-3.075527857519782415e+00
8.920000000000000284e+01,9.798538755052657034e-01,1.000000000000000000e+00,5.000000000000000000e+00,2.000000000000000111e-01,-1.100778734417469096e+00
8.940000000000000568e+01,8.860347214117295644e-01,1.000000000000000000e+00,5.000000000000000000e+00,2.000000000000000111e-01,-4.515393193164141117e+00
8.960000000000000853e+01,1.097277174952594248e+00,1.000000000000000000e+00,5.000000000000000000e+00,2.000000000000000111e-01,1.244001234379258136e+00
8.980000000000001137e+01,9.541237504262471969e-01,1.000000000000000000e+00,5.000000000000000000e+00,2.000000000000000111e-01,-9.621165431752942254e+00
9.000000000000000000e+01,1.122655376342784450e+00,1.000000000000000000e+00,5.000000000000000000e+00,2.000000000000000111e-01,7.729433118050135221e+00
9.020000000000000284e+01,8.875268901747100925e-01,1.000000000000000000e+00,5.000000000000000000e+00,2.000000000000000111e-01,-7.799259060130125931e-01
9.040000000000000568e+01,9.659424835577937740e-01,1.000000000000000000e+00,5.000000000000000000e+00,2.000000000000000111e-01,-1.577252940659697344e+00
9.060000000000000853e+01,1.126180604751943815e+00,1.000000000000000000e+00,5.000000000000000000e+00,2.000000000000000111e-01,7.379353265075184964e+00
9.080000000000001137e+01,1.020018626160428932e+00,1.000000000000000000e+00,5.000000000000000000e+00,2.000000000000000111e-01,-8.790753883822963743e+00
9.100000000000000000e+01,1.033711156887938243e+00,1.000000000000000000e+00,5.000000000000000000e+00,2.000000000000000111e-01,-8.766645693083862767e+00
9.120000000000000284e+01,1.063755846535582750e+00,1.000000000000000000e+00,5.000000000000000000e+00,2.000000000000000111e-01,8.919492905115575354e+00
9.140000000000000568e+01,1.016346453333583311e+00,1.000000000000000000e+00,5.000000000000000000e+00,2.000000000000000111e-01,6.154324036780145946e+00
9.160000000000000853e+01,1.067680181635409786e+00,1.000000000000000000e+00,5.000000000000000000e+00,2.000000000000000111e-01,8.294273692363031358e+00
9.180000000000001137e+01,9.243842077750381581e-01,1.000000000000000000e+00,5.000000000000000000e+00,2.000000000000000111e-01,2.656905881894388699e+00
9.200000000000000000e+01,9.845600404890355595e-01,1.000000000000000000e+00,5.000000000000000000e+00,2.000000000000000111e-01,-9.941077566185011705e+00
9.220000000000000284e+01,1.038626692222491155e+00,1.000000000000000000e+00,5.000000000000000000e+00,2.000000000000000111e-01,-5.018707657679835066e+00
9.240000000000000568e+01,9.638161844988848426e-01,1.000000000000000000e+00,5.000000000000000000e+00,2.000000000000000111e-01,-1.588155239602491164e+00
9.260000000000000853e+01,9.803250257117266386e-01,1.000000000000000000e+00,5.000000000000000000e+00,2.000000000000000111e-01,-7.750540988109559493e+00
9.280000000000001137e+01,1.054674378765592113e+00,1.000000000000000000e+00,5.000000000000000000e+00,2.000000000000000111e-01,8.334719770362365665e+00
9.300000000000000000e+01,9.953245414690946591e-01,1.000000000000000000e+00,5.000000000000000000e+00,2.000000000000000111e-01,-1.314658379334797900e+00
9.320000000000000284e+01,1.060513604829926404e+00,1.000000000000000000e+00,5.000000000000000000e+00,2.000000000000000111e-01,6.781418289958313750e+00
9.340000000000000568e+01,1.189093148605241401e+00,1.000000000000000000e+00,5.000000000000000000e+00,2.000000000000000111e-01,-5.185752248674850406e+00
9.360000000000000853e+01,9.979410841256750597e-01,1.000000000000000000e+00,5.000000000000000000e+00,2.000000000000000111e-01,-8.950655437092517985e+00
9.380000000000001137e+01,9.755053982559717118e-01,1.000000000000000000e+00,5.000000000000000000e+00,2.000000000000000111e-01,6.337639130707742652e+00
9.400000000000000000e+01,1.049802744108419672e+00,1.000000000000000000e+00,5.000000000000000000e+00,2.000000000000000111e-01,-6.415380559342443334e+00
9.420000000000000284e+01,1.034206374331356315e+00,1.000000000000000000e+00,5.000000000000000000e+00,2.000000000000000111e-01,7.460339243211766558e+00
9.440000000000000568e+01,1.225008222368642263e+00,1.000000000000000000e+00,5.000000000000000000e+00,2.000000000000000111e-01,1.829959878591687072e-01
9.460000000000000853e+01,1.171685732552200321e+00,1.000000000000000000e+00,5.000000000000000000e+00,2.000000000000000111e-01,-7.685647352770148544e+00
9.480000000000001137e+01,1.122598254649778360e+00,1.000000000000000000e+00,5.000000000000000000e+00,2.000000000000000111e-01,-8.586319464716503091e+00
9.500000000000000000e+01,9.908271124012459907e-01,1.000000000000000000e+00,5.000000000000000000e+00,2.000000000000000111e-01,-3.114480784493345311e+00
9.520000000000000284e+01,9.404390852643300658e-01,1.000000000000000000e+00,5.000000000000000000e+00,2.000000000000000111e-01,-4.661024854158077879e+00
9.540000000000000568e+01,9.846671119742241851e-01,1.000000000000000000e+00,5.000000000000000000e+00,2.000000000000000111e-01,6.595945482430380480e+00
9.560000000000000853e+01,1.139772701723756221e+00,1.000000000000000000e+00,5.000000000000000000e+00,2.000000000000000111e-01,2.325655450828094217e+00
9.580000000000001137e+01,1.060811093005769035e+00,1.000000000000000000e+00,5.000000000000000000e+00,2.000000000000000111e-01,-5.604745035250773277e+00
9.600000000000000000e+01,1.104395166607270884e+00,1.000000000000000000e+00,5.000000000000000000e+00,2.000000000000000111e-01,-7.162057265148584762e+00
9.620000000000000284e+01,9.920369253508505292e-01,1.000000000000000000e+00,5.000000000000000000e+00,2.000000000000000111e-01,4.409370762042676972e-01
9.640000000000000568e+01,9.914773913835061014e-01,1.000000000000000000e+00,5.000000000000000000e+00,2.000000000000000111e-01,-6.628974235918676072e+00
9.660000000000000853e+01,9.655237164107388637e-01,1.000000000000000000e+00,5.000000000000000000e+00,2.000000000000000111e-01,8.040456648570202702e+00
9.680000000000001137e+01,9.839244387078969201e-01,1.000000000000000000e+00,5.000000000000000000e+00,2.000000000000000111e-01,3.629617250499766357e+00
9.700000000000000000e+01,1.089828069641749941e+00,1.000000000000000000e+00,5.000000000000000000e+00,2.000000000000000111e-01,-4.634633354518777892e+00
9.720000000000000284e+01,1.028558071444304334e+00,1.000000000000000000e+00,5.000000000000000000e+00,2.000000000000000111e-01,-8.677849866647285637e+00
9.740000000000000568e+01,9.596549644200046414e-01,1.000000000000000000e+00,5.000000000000000000e+00,2.000000000000000111e-01,-8.944907411245285545e+00
9.760000000000000853e+01,1.111430456071511141e+00,1.000000000000000000e+00,5.000000000000000000e+00,2.000000000000000111e-01,-1.883165593499001034e-01
9.780000000000001137e+01,1.063470424179903118e+00,1.000000000000000000e+00,5.000000000000000000e+00,2.000000000000000111e-01,-8.447507815259305275e+00
9.800000000000000000e+01,9.506036603891769854e-01,1.000000000000000000e+00,5.000000000000000000e+00,2.000000000000000111e-01,-8.002199229928541158e+00
9.820000000000000284e+01,8.787765162090963589e-01,1.000000000000000000e+00,5.000000000000000000e+00,2.000000000000000111e-01,-9.560566544956321522e+00
9.840000000000000568e+01,1.078968789184814536e+00,1.000000000000000000e+00,5.000000000000000000e+00,2.000000000000000111e-01,6.673191091525019658e+00
9.860000000000000853e+01,1.006456622263600220e+00,1.000000000000000000e+00,5.000000000000000000e+00,2.000000000000000111e-01,-3.062674436843417780e+00
9.880000000000001137e+01,1.102319600578023584e+00,1.000000000000000000e+00,5.000000000000000000e+00,2.000000000000000111e-01,-6.589683675341575508e+00
9.900000000000000000e+01,8.755402406005456939e-01,1.000000000000000000e+00,5.000000000000000000e+00,2.000000000000000111e-01,8.244672021567897247e+00
9.920000000000000284e+01,1.094630775851438642e+00,1.000000000000000000e+00,5.000000000000000000e+00,2.000000000000000111e-01,-5.200963084391469593e+00
9.940000000000000568e+01,1.070480455433638456e+00,1.000000000000000000e+00,5.000000000000000000e+00,2.000000000000000111e-01,5.244552947455476399e+00
9.960000000000000853e+01,1.039181207032525478e+00,1.000000000000000000e+00,5.000000000000000000e+00,2.000000000000000111e-01,7.548939119443261347e+00
9.980000000000001137e+01,9.693503093477325860e-01,1.000000000000000000e+00,5.000000000000000000e+00,2.000000000000000111e-01,-7.705162274998094141e+00
1.000000000000000000e+02,1.030792465476427333e+00,1.000000000000000000e+00,5.000000000000000000e+00,2.000000000000000111e-01,-3.444405693989649464e+00
1.002000000000000028e+02,9.426851641060228770e-01,1.000000000000000000e+00,5.000000000000000000e+00,2.000000000000000111e-01,-9.341090668192826740e+00
1.004000000000000057e+02,9.063682389558690433e-01,1.000000000000000000e+00,5.000000000000000000e+00,2.000000000000000111e-01,-4.054352245742562921e+00
1.006000000000000085e+02,8.900038395039560069e-01,1.000000000000000000e+00,5.000000000000000000e+00,2.000000000000000111e-01,-1.424458852003226639e+00
1.008000000000000114e+02,9.979477872749052958e-01,1.000000000000000000e+00,5.000000000000000000e+00,2.000000000000000111e-01,8.540144393445174842e-01
1.010000000000000000e+02,9.768448218567596930e-01,1.000000000000000000e+00,5.000000000000000000e+00,2.000000000000000111e-01,1.311820342153112051e+00
1.012000000000000028e+02,1.058458019460662536e+00,1.000000000000000000e+00,5.000000000000000000e+00,2.000000000000000111e-01,-9.805763057920405146e+00
1.014000000000000057e+02,1.129943071265693266e+00,1.000000000000000000e+00,5.000000000000000000e+00,2.000000000000000111e-01,9.991878323821104857e+00
1.016000000000000085e+02,9.989760988288403087e-01,1.000000000000000000e+00,5.000000000000000000e+00,2.000000000000000111e-01,-3.931931017994545030e+00
1.018000000000000114e+02,1.133731908192532556e+00,1.000000000000000000e+00,5.000000000000000000e+00,2.000000000000000111e-01,7.426499993417866818e+00
1.020000000000000000e+02,1.054409965596836418e+00,1.000000000000000000e+00,5.000000000000000000e+00,2.000000000000000111e-01,7.858228340706897797e+00
1.022000000000000028e+02,8.995048966479476382e-01,1.000000000000000000e+00,5.000000000000000000e+00,2.000000000000000111e-01,-7.806390921685957274e+00
1.024000000000000057e+02,1.025569571811471903e+00,1.000000000000000000e+00,5.000000000000000000e+00,2.000000000000000111e-01,-6.696111274437052785e+00
1.026000000000000085e+02,1.030040647519125496e+00,1.000000000000000000e+00,5.000000000000000000e+00,2.000000000000000111e-01,4.691665093168309042e+00
1.028000000000000114e+02,9.651940869684731972e-01,1.000000000000000000e+00,5.000000000000000000e+00,2.000000000000000111e-01,5.999382410532598797e+00
1.030000000000000000e+02,1.131181870904683695e+00,1.000000000000000000e+00,5.000000000000000000e+00,2.000000000000000111e-01,1.300356098583939968e+00
1.032000000000000028e+02,9.575649483353494418e-01,1.000000000000000000e+00,5.000000000000000000e+00,2.000000000000000111e-01,-1.793703179022189786e+00
1.034000000000000057e+02,1.118239386442294148e+00,1.000000000000000000e+00,5.000000000000000000e+00,2.000000000000000111e-01,-5.871230795593717744e+00
1.036000000000000085e+02,1.050031647075207353e+00,1.100000000000000089e+00,5.000000000000000000e+00,2.000000000000000111e-01,-7.333057902483832713e+00
1.038000000000000114e+02,1.106663484214825743e+00,1.100000000000000089e+00,5.000000000000000000e+00,2.000000000000000111e-01,-4.612392081057787863e-01
1.040000000000000000e+02,1.030184267947221954e+00,1.100000000000000089e+00,5.000000000000000000e+00,2.000000000000000111e-01,-9.143572808975616084e+00
1.042000000000000028e+02,1.145968168400757214e+00,1.100000000000000089e+00,5.000000000000000000e+00,2.000000000000000111e-01,6.359958558499013037e+00
1.044000000000000057e+02,1.108443565071867587e+00,1.100000000000000089e+00,5.000000000000000000e+00,2.000000000000000111e-01,-2.323498112367472501e+00
1.046000000000000085e+02,9.285610767299616874e-01,1.100000000000000089e+00,5.000000000000000000e+00,2.000000000000000111e-01,-3.185540143440404037e+00
1.048000000000000114e+02,1.035211122500705461e+00,1.100000000000000089e+00,5.000000000000000000e+00,2.000000000000000111e-01,5.977546320149613734e-01
1.050000000000000000e+02,1.144522531895904915e+00,1.100000000000000089e+00,5.000000000000000000e+00,2.000000000000000111e-01,-5.172089813223883503e+00
1.052000000000000028e+02,1.123804384803889000e+00,1.100000000000000089e+00,5.000000000000000000e+00,2.000000000000000111e-01,3.554042523839145318e+00
1.054000000000000057e+02,1.050759276954094323e+00,1.100000000000000089e+00,5.000000000000000000e+00,2.000000000000000111e-01,-8.205731826190556077e+00
1.056000000000000085e+02,1.055868615871344396e+00,1.100000000000000089e+00,5.000000000000000000e+00,2.000000000000000111e-01,7.825614112868649386e+00
1.058000000000000114e+02,1.040140518510906942e+00,1.100000000000000089e+00,5.000000000000000000e+00,2.000000000000000111e-01,-4.228630210065293937e-01
1.060000000000000000e+02,1.037681154819751539e+00,1.100000000000000089e+00,5.000000000000000000e+00,2.000000000000000111e-01,-8.689486386878515489e+00
1.062000000000000028e+02,1.006272059023104015e+00,1.100000000000000089e+00,5.000000000000000000e+00,2.000000000000000111e-01,8.223877737802030907e+00
1.064000000000000057e+02,1.109270262328145185e+00,1.100000000000000089e+00,5.000000000000000000e+00,2.000000000000000111e-01,2.009173541744290858e+00
1.066000000000000085e+02,9.881417922657247388e-01,1.100000000000000089e+00,5.000000000000000000e+00,2.000000000000000111e-01,-9.053245499953382236e+00
1.068000000000000114e+02,1.050062482081050907e+00,1.100000000000000089e+00,5.000000000000000000e+00,2.000000000000000111e-01,8.649864148054817292e+00
1.070000000000000000e+02,1.136829126716123239e+00,1.100000000000000089e+00,5.000000000000000000e+00,2.000000000000000111e-01,2.811177121707153503e-02
1.072000000000000028e+02,1.063018740974385867e+00,1.100000000000000089e+00,5.000000000000000000e+00,2.000000000000000111e-01,-4.239446405524487815e+00
1.074000000000000057e+02,1.192199414195336926e+00,1.100000000000000089e+00,5.000000000000000000e+00,2.000000000000000111e-01,8.953040977572417347e+00
1.076000000000000085e+02,1.054834463189533444e+00,1.100000000000000089e+00,5.000000000000000000e+00,2.000000000000000111e-01,8.680356734196596591e+00
1.078000000000000114e+02,1.169665622848027553e+00,1.100000000000000089e+00,5.000000000000000000e+00,2.000000000000000111e-01,7.355943524440217374e+00
1.080000000000000000e+02,1.030722076557639033e+00,1.100000000000000089e+00,5.000000000000000000e+00,2.000000000000000111e-01,-2.987387710475159608e+00
1.082000000000000028e+02,1.070305622758021435e+00,1.100000000000000089e+00,5.000000000000000000e+00,2.000000000000000111e-01,4.836426629569698932e+00
1.084000000000000057e+02,1.247279668369881245e+00,1.100000000000000089e+00,5.000000000000000000e+00,2.000000000000000111e-01,8.270715098217081618e+00
1.086000000000000085e+02,8.998809465618475834e-01,1.100000000000000089e+00,5.000000000000000000e+00,2.000000000000000111e-01,4.822414096138665229e-01
1.088000000000000114e+02,1.098145092764885700e+00,1.100000000000000089e+00,5.000000000000000000e+00,2.000000000000000111e-01,9.114441713365231124e+00
1.090000000000000000e+02,1.127323086446730072e+00,1.100000000000000089e+00,5.000000000000000000e+00,2.000000000000000111e-01,3.261306887301183011e+00
1.092000000000000028e+02,9.247939541672125507e-01,1.100000000000000089e+00,5.000000000000000000e+00,2.000000000000000111e-01,8.868435737107390082e+00
1.094000000000000057e+02,1.242856945959876391e+00,1.100000000000000089e+00,5.000000000000000000e+00,2.000000000000000111e-01,-6.747732155273733490e+00
1.096000000000000085e+02,9.959493276789783689e-01,1.100000000000000089e+00,5.000000000000000000e+00,2.000000000000000111e-01,-8.287705243083788531e+00
1.098000000000000114e+02,9.931216648817123849e-01,1.100000000000000089e+00,5.000000000000000000e+00,2.000000000000000111e-01,-7.160479391329099386e+00
1.100000000000000000e+02,1.157851419637516699e+00,1.100000000000000089e+00,5.000000000000000000e+00,2.000000000000000111e-01,9.314104527152053947e-01
1.102000000000000028e+02,1.211935066125006566e+00,1.100000000000000089e+00,5.000000000000000000e+00,2.000000000000000111e-01,-6.561029718425011481e+00
1.104000000000000057e+02,1.177887002430912933e+00,1.100000000000000089e+00,5.000000000000000000e+00,2.000000000000000111e-01,7.699398081413669104e+00
1.106000000000000085e+02,9.628110147083932535e-01,1.100000000000000089e+00,5.000000000000000000e+00,2.000000000000000111e-01,4.990938207936764570e+00
1.108000000000000114e+02,1.111291634077258506e+00,1.100000000000000089e+00,5.000000000000000000e+00,2.000000000000000111e-01,2.544119519415461994e+00
1.110000000000000000e+02,1.244722609194730323e+00,1.100000000000000089e+00,5.000000000000000000e+00,2.000000000000000111e-01,8.665939434270143238e+00
1.112000000000000028e+02,1.129539390924250819e+00,1.100000000000000089e+00,5.000000000000000000e+00,2.000000000000000111e-01,3.872795703152913660e-01
1.114000000000000057e+02,1.290137072751658120e+00,1.100000000000000089e+00,5.000000000000000000e+00,2.000000000000000111e-01,3.243728135603575424e+00
1.116000000000000085e+02,1.093211388041799736e+00,1.100000000000000089e+00,5.000000000000000000e+00,2.000000000000000111e-01,-1.866149175377785241e+00
1.118000000000000114e+02,1.025750757596152196e+00,1.100000000000000089e+00,5.000000000000000000e+00,2.000000000000000111e-01,9.931564513081305279e+00
1.120000000000000000e+02,1.038677331314840080e+00,1.100000000000000089e+00,5.000000000000000000e+00,2.000000000000000111e-01,7.595354629196034324e+00
1.122000000000000028e+02,1.101141497220736731e+00,1.100000000000000089e+00,5.000000000000000000e+00,2.000000000000000111e-01,-3.001904386894844734e+00
1.124000000000000057e+02,9.943022910863580366e-01,1.100000000000000089e+00,5.000000000000000000e+00,2.000000000000000111e-01,5.283077516073070967e+00
1.126000000000000085e+02,1.096152404065855679e+00,1.100000000000000089e+00,5.000000000000000000e+00,2.000000000000000111e-01,7.922858193583593334e+00
1.128000000000000114e+02,1.101651196799190879e+00,1.100000000000000089e+00,5.000000000000000000e+00,2.000000000000000111e-01,-7.044069285249452861e+00
1.130000000000000000e+02,1.091462425419997162e+00,1.100000000000000089e+00,5.000000000000000000e+00,2.000000000000000111e-01,6.740601368936751214e+00
1.132000000000000028e+02,1.246727864590494672e+00,1.100000000000000089e+00,5.000000000000000000e+00,2.000000000000000111e-01,-5.185213628639595562e+00
1.134000000000000057e+02,1.339937543193340019e+00,1.100000000000000089e+00,5.000000000000000000e+00,2.000000000000000111e-01,-3.494472045778866942e-01
1.136000000000000085e+02,1.196749900947810863e+00,1.100000000000000089e+00,5.000000000000000000e+00,2.000000000000000111e-01,2.907598612055192433e+00
1.138000000000000114e+02,1.154359707626094966e+00,1.100000000000000089e+00,5.000000000000000000e+00,2.000000000000000111e-01,-1.788614939666089754e+00
1.140000000000000000e+02,1.086065736946410176e+00,1.100000000000000089e+00,5.000000000000000000e+00,2.000000000000000111e-01,-6.109707806500816574e+00
1.142000000000000028e+02,9.449979148460440070e-01,1.100000000000000089e+00,5.000000000000000000e+00,2.000000000000000111e-01,7.998006474444579794e+00
1.144000000000000057e+02,1.087472046734016651e+00,1.100000000000000089e+00,5.000000000000000000e+00,2.000000000000000111e-01,-9.654909395937885108e+00
1.146000000000000085e+02,9.528019501256848045e-01,9.000000000000000222e-01,5.000000000000000000e+00,2.000000000000000111e-01,5.739986016894791376e+00
1.148000000000000114e+02,9.108731259611242415e-01,9.000000000000000222e-01,5.000000000000000000e+00,2.000000000000000111e-01,1.296463770203075683e+00
1.150000000000000000e+02,9.742712699354822981e-01,9.000000000000000222e-01,5.000000000000000000e+00,2.000000000000000111e-01,-9.194150535732852347e+00
1.152000000000000028e+02,9.476546828944825140e-01,9.000000000000000222e-01,5.000000000000000000e+00,2.000000000000000111e-01,8.260846205995811431e+00
1.154000000000000057e+02,7.709235655385303643e-01,9.000000000000000222e-01,5.000000000000000000e+00,2.000000000000000111e-01,1.514570211005406009e-01
1.156000000000000085e+02,8.688346294365494327e-01,9.000000000000000222e-01,5.000000000000000000e+00,2.000000000000000111e-01,-1.829122325181383957e+00
1.158000000000000114e+02,8.183129739555938809e-01,9.000000000000000222e-01,5.000000000000000000e+00,2.000000000000000111e-01,-1.343775945229593205e+00
1.160000000000000000e+02,9.102501156254362291e-01,9.000000000000000222e-01,5.000000000000000000e+00,2.000000000000000111e-01,5.356784083317291945e+00
1.162000000000000028e+02,1.004760451512778152e+00,9.000000000000000222e-01,5.000000000000000000e+00,2.000000000000000111e-01,3.939450459122458170e+00
1.164000000000000057e+02,8.870979119904323085e-01,9.000000000000000222e-01,5.000000000000000000e+00,2.000000000000000111e-01,-4.009145416496511238e+00
1.166000000000000085e+02,8.007561186766503081e-01,9.000000000000000222e-01,5.000000000000000000e+00,2.000000000000000111e-01,-7.915746512658818901e+00
1.168000000000000114e+02,1.031907987894505885e+00,9.000000000000000222e-01,5.000000000000000000e+00,2.000000000000000111e-01,-8.624920744102208658e+00
1.170000000000000000e+02,1.052124955977622678e+00,9.000000000000000222e-01,5.000000000000000000e+00,2.000000000000000111e-01,6.710575670911158142e+00
1.172000000000000028e+02,8.932737741601872727e-01,9.000000000000000222e-01,5.000000000000000000e+00,2.000000000000000111e-01,5.412108066224947223e+00
1.174000000000000057e+02,8.952545825768450927e-01,9.000000000000000222e-01,5.000000000000000000e+00,2.000000000000000111e-01,-5.851916786748436294e+00
1.176000000000000085e+02,9.134780000528718302e-01,9.000000000000000222e-01,5.000000000000000000e+00,2.000000000000000111e-01,-4.152817155412353856e+00
1.178000000000000114e+02,8.892141081880744480e-01,9.000000000000000222e-01,5.000000000000000000e+00,2.000000000000000111e-01,-2.054892653883619857e-01
1.180000000000000000e+02,7.632020072497897045e-01,9.000000000000000222e-01,5.000000000000000000e+00,2.000000000000000111e-01,-1.602214207298828796e-01
1.182000000000000028e+02,8.672139516156289751e-01,9.000000000000000222e-01,5.000000000000000000e+00,2.000000000000000111e-01,-6.777414232133070371e+00
1.184000000000000057e+02,8.198555521180123096e-01,9.000000000000000222e-01,5.000000000000000000e+00,2.000000000000000111e-01,3.031810930404335025e+00
1.186000000000000085e+02,9.688569733323554312e-01,9.000000000000000222e-01,5.000000000000000000e+00,2.000000000000000111e-01,2.659579579536082150e-01
1.188000000000000114e+02,7.795962425234159721e-01,9.000000000000000222e-01,5.000000000000000000e+00,2.000000000000000111e-01,1.338141047737259726e+00
1.190000000000000000e+02,8.090668565589950179e-01,9.000000000000000222e-01,5.000000000000000000e+00,2.000000000000000111e-01,9.572662065676382781e+00
1.192000000000000028e+02,1.023500610194778782e+00,9.000000000000000222e-01,5.000000000000000000e+00,2.000000000000000111e-01,-8.725627804489462847e+00
1.194000000000000057e+02,9.568571926297771979e-01,9.000000000000000222e-01,5.000000000000000000e+00,2.000000000000000111e-01,8.972541646211144695e+00
1.196000000000000085e+02,8.658706650725619403e-01,9.000000000000000222e-01,5.000000000000000000e+00,2.000000000000000111e-01,1.772281490813863769e+00
1.198000000000000114e+02,7.025760352684412569e-01,9.000000000000000222e-01,5.000000000000000000e+00,2.000000000000000111e-01,3.141650510731430757e+00
1.200000000000000000e+02,9.463229759566237353e-01,1.000000000000000000e+00,5.000000000000000000e+00,2.000000000000000111e-01,-9.181268750780679611e+00
1.202000000000000028e+02,8.594131549332618691e-01,1.000000000000000000e+00,5.000000000000000000e+00,2.000000000000000111e-01,-6.039584026397060157e+00
1.204000000000000057e+02,1.016796203820021338e+00,1.000000000000000000e+00,5.000000000000000000e+00,2.000000000000000111e-01,2.406508871511285008e+00
1.206000000000000085e+02,1.159111777330306348e+00,1.000000000000000000e+00,5.000000000000000000e+00,2.000000000000000111e-01,6.537117465884797696e+00
1.208000000000000114e+02,1.033773187483860267e+00,1.000000000000000000e+00,5.000000000000000000e+00,2.000000000000000111e-01,-1.624441895916255874e+00
1.210000000000000000e+02,1.169943765302333016e+00,1.000000000000000000e+00,5.000000000000000000e+00,2.000000000000000111e-01,-7.576817323348199906e+00
1.212000000000000028e+02,9.969474160967810583e-01,1.000000000000000000e+00,5.000000000000000000e+00,2.000000000000000111e-01,3.775111377049391592e-01
1.214000000000000057e+02,1.011495765368790378e+00,1.000000000000000000e+00,5.000000000000000000e+00,2.000000000000000111e-01,4.647781265191046174e+00
1.216000000000000085e+02,9.584841310314263785e-01,1.000000000000000000e+00,5.000000000000000000e+00,2.000000000000000111e-01,-6.185352205906868406e+00
1.218000000000000114e+02,1.035045506195517051e+00,1.000000000000000000e+00,5.000000000000000000e+00,2.000000000000000111e-01,-4.404353580004933377e+00
1.220000000000000000e+02,9.392981821937822495e-01,1.000000000000000000e+00,5.000000000000000000e+00,2.000000000000000111e-01,-5.998190571218313671e+00
1.222000000000000028e+02,1.030501089517835478e+00,1.000000000000000000e+00,5.000000000000000000e+00,2.000000000000000111e-01,-3.472468445079186949e+00
1.224000000000000057e+02,1.030172897963596901e+00,1.000000000000000000e+00,5.000000000000000000e+00,2.000000000000000111e-01,9.968103923004100864e+00
1.226000000000000085e+02,8.650967431642578864e-01,1.000000000000000000e+00,5.000000000000000000e+00,2.000000000000000111e-01,2.741384116415732208e+00
1.228000000000000114e+02,1.078984514523316784e+00,1.000000000000000000e+00,5.000000000000000000e+00,2.000000000000000111e-01,1.868835688141496476e+00
1.230000000000000000e+02,9.109665643523044976e-01,1.000000000000000000e+00,5.000000000000000000e+00,2.000000000000000111e-01,-5.678522624284953579e+00
1.232000000000000028e+02,9.915468134939318112e-01,1.000000000000000000e+00,5.000000000000000000e+00,2.000000000000000111e-01,-8.533014791871188720e+00
1.234000000000000057e+02,1.064604375117913948e+00,1.000000000000000000e+00,5.000000000000000000e+00,2.000000000000000111e-01,-3.008786514691516700e+00
1.236000000000000085e+02,8.931511696840956915e-01,1.000000000000000000e+00,5.000000000000000000e+00,2.000000000000000111e-01,5.985269932538408000e+00
1.238000000000000114e+02,1.119421544571427951e+00,1.000000000000000000e+00,5.000000000000000000e+00,2.000000000000000111e-01,-1.404372627866294465e+00
1.240000000000000000e+02,9.900065548267383830e-01,1.000000000000000000e+00,5.000000000000000000e+00,2.000000000000000111e-01,1.270470858937546410e+00
1.242000000000000028e+02,9.834305764774554648e-01,1.000000000000000000e+00,5.000000000000000000e+00,2.000000000000000111e-01,-8.800604576402470514e+00
1.244000000000000057e+02,9.393523074326728395e-01,9.000000000000000222e-01,5.000000000000000000e+00,2.000000000000000111e-01,7.557644766299866035e+00
1.246000000000000085e+02,8.196863955110176292e-01,9.000000000000000222e-01,5.000000000000000000e+00,2.000000000000000111e-01,3.870807047420310454e-01
1.248000000000000114e+02,9.119213107150079267e-01,9.000000000000000222e-01,5.000000000000000000e+00,2.000000000000000111e-01,9.340009482114297157e+00
1.250000000000000000e+02,9.151015987593238421e-01,9.000000000000000222e-01,5.000000000000000000e+00,2.000000000000000111e-01,-8.887392789290371908e+00
1.252000000000000028e+02,8.601539675650153871e-01,9.000000000000000222e-01,5.000000000000000000e+00,2.000000000000000111e-01,-1.029616217960265701e+00
1.254000000000000057e+02,8.428031072320320005e-01,9.000000000000000222e-01,5.000000000000000000e+00,2.000000000000000111e-01,1.230189874024672392e+00
1.256000000000000085e+02,9.766893162657637184e-01,9.000000000000000222e-01,5.000000000000000000e+00,2.000000000000000111e-01,-8.728134512761826613e+00
1.258000000000000114e+02,8.181325811981218221e-01,9.000000000000000222e-01,5.000000000000000000e+00,2.000000000000000111e-01,-6.342313330672006977e+00
1.260000000000000000e+02,1.009815558118609236e+00,9.000000000000000222e-01,5.000000000000000000e+00,2.000000000000000111e-01,-7.374410515268071009e+00
1.262000000000000028e+02,9.042251348717889048e-01,9.000000000000000222e-01,5.000000000000000000e+00,2.000000000000000111e-01,-4.023859985919764348e+00
1.264000000000000057e+02,8.926609269516836420e-01,9.000000000000000222e-01,5.000000000000000000e+00,2.000000000000000111e-01,-3.837082465821670674e+00
1.266000000000000085e+02,1.016099501201271238e+00,9.000000000000000222e-01,5.000000000000000000e+00,2.000000000000000111e-01,-6.556429504858256152e+00
1.268000000000000114e+02,8.115742966989337726e-01,9.000000000000000222e-01,5.000000000000000000e+00,2.000000000000000111e-01,-4.026303095139738275e-01
1.270000000000000000e+02,9.283442497030808260e-01,9.000000000000000222e-01,5.000000000000000000e+00,2.000000000000000111e-01,6.704445757468441514e+00
1.272000000000000028e+02,9.385640261079604141e-01,9.000000000000000222e-01,5.000000000000000000e+00,2.000000000000000111e-01,1.143802770181885364e-01
1.274000000000000057e+02,9.774844440736112361e-01,9.000000000000000222e-01,5.000000000000000000e+00,2.000000000000000111e-01,-7.898537739051867845e+00
1.276000000000000085e+02,9.590628826730551726e-01,9.000000000000000222e-01,5.000000000000000000e+00,2.000000000000000111e-01,2.751860692713599121e+00
1.278000000000000114e+02,1.022320528944286044e+00,9.000000000000000222e-01,5.000000000000000000e+00,2.000000000000000111e-01,2.364749715198540159e+00
1.280000000000000000e+02,1.158514730931327064e+00,1.000000000000000000e+00,5.000000000000000000e+00,2.000000000000000111e-01,3.936075874794262575e-01
1.282000000000000171e+02,9.115285419826893998e-01,1.000000000000000000e+00,5.000000000000000000e+00,2.000000000000000111e-01,3.041117397721770033e+00
1.284000000000000057e+02,1.090142828579602430e+00,1.000000000000000000e+00,5.000000000000000000e+00,2.000000000000000111e-01,1.540637475781888810e+00
1.285999999999999943e+02,1.129763506252006833e+00,1.000000000000000000e+00,5.000000000000000000e+00,2.000000000000000111e-01,-1.959641377499117709e+00
1.288000000000000114e+02,8.131753513571243763e-01,1.000000000000000000e+00,5.000000000000000000e+00,2.000000000000000111e-01,-9.891456538689348932e+00
1.290000000000000000e+02,1.036019920260392579e+00,1.000000000000000000e+00,5.000000000000000000e+00,2.000000000000000111e-01,-5.438872827013336853e+00
1.292000000000000171e+02,8.047887281779109170e-01,1.000000000000000000e+00,5.000000000000000000e+00,2.000000000000000111e-01,-2.770981500016604926e+00
1.294000000000000057e+02,9.550642640848586717e-01,1.000000000000000000e+00,5.000000000000000000e+00,2.000000000000000111e-01,-2.320328305122858481e+00
1.295999999999999943e+02,1.060125097228738156e+00,1.000000000000000000e+00,5.000000000000000000e+00,2.000000000000000111e-01,4.090643500224306450e+00
1.298000000000000114e+02,1.006489309271239252e+00,1.000000000000000000e+00,5.000000000000000000e+00,2.000000000000000111e-01,2.340600051233945322e+00
1.300000000000000000e+02,9.564363578738334093e-01,1.000000000000000000e+00,5.000000000000000000e+00,2.000000000000000111e-01,8.841984895653645538e+00
1.302000000000000171e+02,1.118590150882831091e+00,1.000000000000000000e+00,5.000000000000000000e+00,2.000000000000000111e-01,5.557756568016184673e+00
1.304000000000000057e+02,9.958886943532785363e-01,1.000000000000000000e+00,5.000000000000000000e+00,2.000000000000000111e-01,-3.737325817624839175e+00
1.305999999999999943e+02,7.451345015552484075e-01,1.000000000000000000e+00,5.000000000000000000e+00,2.000000000000000111e-01,-2.568483435435715556e+00
1.308000000000000114e+02,8.630907439224395628e-01,1.000000000000000000e+00,5.000000000000000000e+00,2.000000000000000111e-01,-2.328239207699899893e+00
1.310000000000000000e+02,8.915059949992363286e-01,1.000000000000000000e+00,5.000000000000000000e+00,2.000000000000000111e-01,8.167394275102207502e+00
1.312000000000000171e+02,1.031188618588093853e+00,1.000000000000000000e+00,5.000000000000000000e+00,2.000000000000000111e-01,-1.845618911682841201e+00
1.314000000000000057e+02,1.119525583186515849e+00,1.000000000000000000e+00,5.000000000000000000e+00,2.000000000000000111e-01,9.348104625543236068e+00
1.315999999999999943e+02,1.015940779048834619e+00,1.000000000000000000e+00,5.000000000000000000e+00,2.000000000000000111e-01,-5.523374563915646185e+00
1.318000000000000114e+02,9.617901015883708604e-01,1.000000000000000000e+00,5.000000000000000000e+00,2.000000000000000111e-01,8.231762446012368173e+00
1.320000000000000000e+02,8.214570133743470670e-01,1.000000000000000000e+00,5.000000000000000000e+00,2.000000000000000111e-01,5.839760159967683606e+00
1.322000000000000171e+02,9.153614442638924320e-01,1.000000000000000000e+00,5.000000000000000000e+00,2.000000000000000111e-01,5.648783530323353119e+00
1.324000000000000057e+02,1.147773019023704766e+00,1.000000000000000000e+00,5.000000000000000000e+00,2.000000000000000111e-01,-1.276712203992298456e+00
1.325999999999999943e+02,1.067712158569038561e+00,1.000000000000000000e+00,5.000000000000000000e+00,2.000000000000000111e-01,-2.132492828023675457e+00
1.328000000000000114e+02,1.134785214679677523e+00,1.000000000000000000e+00,5.000000000000000000e+00,2.000000000000000111e-01,7.565658582965888002e+00
1.330000000000000000e+02,1.021952042702337637e+00,1.000000000000000000e+00,5.000000000000000000e+00,2.000000000000000111e-01,4.669701049690937467e+00
1.332000000000000171e+02,1.094264681651266224e+00,1.000000000000000000e+00,5.000000000000000000e+00,2.000000000000000111e-01,8.086223164549167564e+00
1.334000000000000057e+02,1.086029091654714840e+00,9.000000000000000222e-01,5.000000000000000000e+00,2.000000000000000111e-01,-9.433629992231544747e-01
1.335999999999999943e+02,8.758267252797988789e-01,9.000000000000000222e-01,5.000000000000000000e+00,2.000000000000000111e-01,6.223732244631705157e+00
1.338000000000000114e+02,9.377752040139705203e-01,9.000000000000000222e-01,5.000000000000000000e+00,2.000000000000000111e-01,1.345977656506791575e+00
1.340000000000000000e+02,8.232445677095054926e-01,9.000000000000000222e-01,5.000000000000000000e+00,2.000000000000000111e-01,4.954278309108291367e+00
1.342000000000000171e+02,8.688134091174064544e-01,9.000000000000000222e-01,5.000000000000000000e+00,2.000000000000000111e-01,-7.407920451337268730e-01
1.344000000000000057e+02,8.198127558459852304e-01,9.000000000000000222e-01,5.000000000000000000e+00,2.000000000000000111e-01,4.278493698673131007e+00
1.345999999999999943e+02,9.735453958405202446e-01,9.000000000000000222e-01,5.000000000000000000e+00,2.000000000000000111e-01,-8.286989951745962202e+00
1.348000000000000114e+02,9.401067088701440255e-01,9.000000000000000222e-01,5.000000000000000000e+00,2.000000000000000111e-01,3.268519983642191207e+00
1.350000000000000000e+02,7.747748274675494429e-01,9.000000000000000222e-01,5.000000000000000000e+00,2.000000000000000111e-01,1.663838825841544633e+00
1.352000000000000171e+02,7.885170573800501792e-01,9.000000000000000222e-01,5.000000000000000000e+00,2.000000000000000111e-01,7.254400797225535769e+00
1.354000000000000057e+02,9.436774543137406157e-01,9.000000000000000222e-01,5.000000000000000000e+00,2.000000000000000111e-01,6.202883060896532186e+00
1.355999999999999943e+02,8.735020295414459568e-01,9.000000000000000222e-01,5.000000000000000000e+00,2.000000000000000111e-01,-5.489888785610908428e+00
1.358000000000000114e+02,8.536480354552327121e-01,9.000000000000000222e-01,5.000000000000000000e+00,2.000000000000000111e-01,1.634022877848433808e+00
1.360000000000000000e+02,1.110337587364912171e+00,9.000000000000000222e-01,5.000000000000000000e+00,2.000000000000000111e-01,-9.190660340851621868e+00
1.362000000000000171e+02,8.127070434152524614e-01,9.000000000000000222e-01,5.000000000000000000e+00,2.000000000000000111e-01,-5.215496574303877253e-01
1.364000000000000057e+02,9.180532391033286999e-01,9.000000000000000222e-01,5.000000000000000000e+00,2.000000000000000111e-01,9.520965924027112948e+00
1.365999999999999943e+02,9.280201962458918263e-01,9.000000000000000222e-01,5.000000000000000000e+00,2.000000000000000111e-01,-6.112761764087260019e-02
1.368000000000000114e+02,9.192722667169708206e-01,9.000000000000000222e-01,5.000000000000000000e+00,2.000000000000000111e-01,6.874129918689817487e-01
1.370000000000000000e+02,9.267464075554051606e-01,9.000000000000000222e-01,5.000000000000000000e+00,2.000000000000000111e-01,1.823131993282995467e+00
1.372000000000000171e+02,7.668971125860241100e-01,9.000000000000000222e-01,5.000000000000000000e+00,2.000000000000000111e-01,9.540357821496591839e+00
1.374000000000000057e+02,9.014065693831516679e-01,9.000000000000000222e-01,5.000000000000000000e+00,2.000000000000000111e-01,8.732770990527683352e+00
1.375999999999999943e+02,9.561131124702270112e-01,9.000000000000000222e-01,5.000000000000000000e+00,2.000000000000000111e-01,-6.336902094919338424e+00
1.378000000000000114e+02,1.032035593964084619e+00,9.000000000000000222e-01,5.000000000000000000e+00,2.000000000000000111e-01,-2.654266194138202195e+00
1.380000000000000000e+02,9.188134359102051452e-01,9.000000000000000222e-01,5.000000000000000000e+00,2.000000000000000111e-01,8.270324100060989281e+00
1.382000000000000171e+02,7.906108136073727310e-01,9.000000000000000222e-01,5.000000000000000000e+00,2.000000000000000111e-01,-8.862242911277531832e+00
1.384000000000000057e+02,9.954426087316268212e-01,9.000000000000000222e-01,5.000000000000000000e+00,2.000000000000000111e-01,2.636487650799191229e+00
1.385999999999999943e+02,6.895190148638972172e-01,9.000000000000000222e-01,5.000000000000000000e+00,2.000000000000000111e-01,-6.607798441994427563e+00
1.388000000000000114e+02,7.854954812643705209e-01,9.000000000000000222e-01,5.000000000000000000e+00,2.000000000000000111e-01,4.787618494212882325e+00
1.390000000000000000e+02,7.729423660443822675e-01,9.000000000000000222e-01,5.000000000000000000e+00,2.000000000000000111e-01,-3.950247443611734077e+00
1.392000000000000171e+02,1.071770181259697807e+00,9.000000000000000222e-01,5.000000000000000000e+00,2.000000000000000111e-01,5.174621490600774365e+00
1.394000000000000057e+02,1.021204592839260128e+00,9.000000000000000222e-01,5.000000000000000000e+00,2.000000000000000111e-01,6.203501287016756294e+00
1.395999999999999943e+02,1.015216800649263895e+00,1.100000000000000089e+00,5.000000000000000000e+00,2.000000000000000111e-01,3.454736487933516287e-01
1.398000000000000114e+02,7.631475971315200280e-01,9.000000000000000222e-01,5.000000000000000000e+00,2.000000000000000111e-01,-2.411070721701245034e+00
1.400000000000000000e+02,9.136198115693714428e-01,9.000000000000000222e-01,5.000000000000000000e+00,2.000000000000000111e-01,1.589566507665882256e+00
1.402000000000000171e+02,1.006296841751909366e+00,9.000000000000000222e-01,5.000000000000000000e+00,2.000000000000000111e-01,6.899505793605953841e+00
1.404000000000000057e+02,9.398631890678316170e-01,9.000000000000000222e-01,5.000000000000000000e+00,2.000000000000000111e-01,-5.213316566992061141e+00
1.405999999999999943e+02,9.326300736220092258e-01,9.000000000000000222e-01,5.000000000000000000e+00,2.000000000000000111e-01,-5.483636976454642209e+00
1.408000000000000114e+02,9.669544919702429686e-01,9.000000000000000222e-01,5.000000000000000000e+00,2.000000000000000111e-01,2.016968749436628627e+00
1.410000000000000000e+02,8.980218999740734453e-01,9.000000000000000222e-01,5.000000000000000000e+00,2.000000000000000111e-01,-4.255741960510337485e+00
1.412000000000000171e+02,8.582142732656874440e-01,9.000000000000000222e-01,5.000000000000000000e+00,2.000000000000000111e-01,7.122865568032537453e+00
1.414000000000000057e+02,9.917642820153209637e-01,9.000000000000000222e-01,5.000000000000000000e+00,2.000000000000000111e-01,-9.240401774899709153e+00
1.415999999999999943e+02,1.097153259261171909e+00,9.000000000000000222e-01,5.000000000000000000e+00,2.000000000000000111e-01,7.364984966121909338e+00
1.418000000000000114e+02,8.458446239142316525e-01,9.000000000000000222e-01,5.000000000000000000e+00,2.000000000000000111e-01,8.803700027120726190e+00
1.420000000000000000e+02,9.535177190908044054e-01,9.000000000000000222e-01,5.000000000000000000e+00,2.000000000000000111e-01,6.760244973342931729e+00
1.422000000000000171e+02,9.691374031653232635e-01,9.000000000000000222e-01,5.000000000000000000e+00,2.000000000000000111e-01,5.472012034491358534e+00
1.424000000000000057e+02,8.812655080224376380e-01,9.000000000000000222e-01,5.000000000000000000e+00,2.000000000000000111e-01,-7.686897830193828440e-01
1.425999999999999943e+02,1.033126655597530918e+00,9.000000000000000222e-01,5.000000000000000000e+00,2.000000000000000111e-01,-3.280042400599785246e+00
1.428000000000000114e+02,9.147384233646294049e-01,9.000000000000000222e-01,5.000000000000000000e+00,2.000000000000000111e-01,-3.420619400459683490e+00
1.430000000000000000e+02,8.666774244451638243e-01,9.000000000000000222e-01,5.000000000000000000e+00,2.000000000000000111e-01,-1.993610796100014682e+00
1.432000000000000171e+02,9.322748672759707533e-01,9.000000000000000222e-01,5.000000000000000000e+00,2.000000000000000111e-01,-1.238857241567359324e-01
1.434000000000000057e+02,9.714727761261467975e-01,9.000000000000000222e-01,5.000000000000000000e+00,2.000000000000000111e-01,-7.072454714376517515e+00
1.435999999999999943e+02,9.773149062795914999e-01,9.000000000000000222e-01,5.000000000000000000e+00,2.000000000000000111e-01,-2.137153567543387922e+00
1.438000000000000114e+02,9.007417749984898414e-01,9.000000000000000222e-01,5.000000000000000000e+00,2.000000000000000111e-01,6.026301998653742942e+00
1.440000000000000000e+02,8.293430469208800115e-01,9.000000000000000222e-01,5.000000000000000000e+00,2.000000000000000111e-01,-4.827515862311219763e+00
1.442000000000000171e+02,1.168311357370574566e+00,9.000000000000000222e-01,5.000000000000000000e+00,2.000000000000000111e-01,-9.870073710051212146e+00
1.444000000000000057e+02,1.069804728819933271e+00,9.000000000000000222e-01,5.000000000000000000e+00,2.000000000000000111e-01,-4.742608266317908772e+00
1.445999999999999943e+02,9.184187825466703092e-01,9.000000000000000222e-01,5.000000000000000000e+00,2.000000000000000111e-01,3.825236749639522316e+00
1.448000000000000114e+02,9.215795683582431730e-01,9.000000000000000222e-01,5.000000000000000000e+00,2.000000000000000111e-01,8.631258369740429259e+00
1.450000000000000000e+02,9.940352637337713793e-01,9.000000000000000222e-01,5.000000000000000000e+00,2.000000000000000111e-01,7.812481883881101652e+00
1.452000000000000171e+02,8.419901619954621719e-01,9.000000000000000222e-01,5.000000000000000000e+00,2.000000000000000111e-01,7.616223948784046627e+00
1.454000000000000057e+02,8.331334396559701982e-01,9.000000000000000222e-01,5.000000000000000000e+00,2.000000000000000111e-01,9.795107392908583677e+00
1.455999999999999943e+02,9.831506699361221013e-01,9.000000000000000222e-01,5.000000000000000000e+00,2.000000000000000111e-01,7.768954489884055903e+00
1.458000000000000114e+02,1.158507129451842088e+00,1.000000000000000000e+00,5.000000000000000000e+00,2.000000000000000111e-01,-9.015120682232712568e+00
1.460000000000000000e+02,9.281154224321896962e-01,1.000000000000000000e+00,5.000000000000000000e+00,2.000000000000000111e-01,-9.757399614748232253e+00
1.462000000000000171e+02,1.105828133620331499e+00,1.000000000000000000e+00,5.000000000000000000e+00,2.000000000000000111e-01,-6.391362316651381548e+00
1.464000000000000057e+02,9.585102033847353598e-01,1.000000000000000000e+00,5.000000000000000000e+00,2.000000000000000111e-01,1.173065547883364701e+00
1.465999999999999943e+02,1.230923534465643066e+00,1.000000000000000000e+00,5.000000000000000000e+00,2.000000000000000111e-01,7.763039520613098432e+00
1.468000000000000114e+02,9.239353724812340296e-01,1.000000000000000000e+00,5.000000000000000000e+00,2.000000000000000111e-01,-9.635447471039812584e+00
1.470000000000000000e+02,9.803767851286830926e-01,1.000000000000000000e+00,5.000000000000000000e+00,2.000000000000000111e-01,-5.813830862167865376e+00
1.472000000000000171e+02,9.940895560154277000e-01,1.000000000000000000e+00,5.000000000000000000e+00,2.000000000000000111e-01,-2.243524093879313952e+00
1.474000000000000057e+02,1.058256676099936788e+00,1.000000000000000000e+00,5.000000000000000000e+00,2.000000000000000111e-01,-5.451031306585589320e+00
1.475999999999999943e+02,1.023066769396115516e+00,1.000000000000000000e+00,5.000000000000000000e+00,2.000000000000000111e-01,-2.907679793145816483e+00
1.478000000000000114e+02,9.890370697314180282e-01,1.000000000000000000e+00,5.000000000000000000e+00,2.000000000000000111e-01,1.876420128169657531e+00
1.480000000000000000e+02,9.418384942138725568e-01,1.000000000000000000e+00,5.000000000000000000e+00,2.000000000000000111e-01,3.772470694737199537e+00
1.482000000000000171e+02,1.009397174926978336e+00,1.000000000000000000e+00,5.000000000000000000e+00,2.000000000000000111e-01,-1.209770056683145967e+00
1.484000000000000057e+02,1.046994841762928674e+00,1.000000000000000000e+00,5.000000000000000000e+00,2.000000000000000111e-01,-9.135831755828895950e-01
1.485999999999999943e+02,9.980515737920766517e-01,1.000000000000000000e+00,5.000000000000000000e+00,2.000000000000000111e-01,-9.484774203154852756e+00
1.488000000000000114e+02,9.569424132087196444e-01,1.000000000000000000e+00,5.000000000000000000e+00,2.000000000000000111e-01,4.961859769845570867e+00
1.490000000000000000e+02,1.068948465263124259e+00,1.000000000000000000e+00,5.000000000000000000e+00,2.000000000000000111e-01,6.287742111373738396e+00
1.492000000000000171e+02,1.103473683674371708e+00,1.000000000000000000e+00,5.000000000000000000e+00,2.000000000000000111e-01,9.448774017669940406e+00
1.494000000000000057e+02,1.053681209013586972e+00,1.000000000000000000e+00,5.000000000000000000e+00,2.000000000000000111e-01,-1.660949408369127411e+00
1.495999999999999943e+02,9.850443427532731278e-01,1.000000000000000000e+00,5.000000000000000000e+00,2.000000000000000111e-01,-4.912108193196297989e+00
1.498000000000000114e+02,1.052916117422646236e+00,1.000000000000000000e+00,5.000000000000000000e+00,2.000000000000000111e-01,-4.892235043679578510e+00
1.500000000000000000e+02,1.192296540285378681e+00,1.000000000000000000e+00,5.000000000000000000e+00,2.000000000000000111e-01,-9.996234375708468178e-02
1.502000000000000171e+02,1.061147429365262962e+00,1.000000000000000000e+00,5.000000000000000000e+00,2.000000000000000111e-01,-4.807948404866280612e+00
1.504000000000000057e+02,9.165041740541208792e-01,1.000000000000000000e+00,5.000000000000000000e+00,2.000000000000000111e-01,6.622032770190816819e+00
1.505999999999999943e+02,1.154328769891704409e+00,1.000000000000000000e+00,5.000000000000000000e+00,2.000000000000000111e-01,-7.320662368823072086e-01
1.508000000000000114e+02,1.035796989062796714e+00,1.000000000000000000e+00,5.000000000000000000e+00,2.000000000000000111e-01,-1.540122798942380911e+00
1.510000000000000000e+02,9.188403761660508540e-01,1.000000000000000000e+00,5.000000000000000000e+00,2.000000000000000111e-01,4.458875091144582470e+00
1.512000000000000171e+02,1.279593825757858960e+00,1.100000000000000089e+00,5.000000000000000000e+00,2.000000000000000111e-01,-6.797787414902620284e+00
1.514000000000000057e+02,1.146882990863903551e+00,1.100000000000000089e+00,5.000000000000000000e+00,2.000000000000000111e-01,4.261433904954296636e+00
1.515999999999999943e+02,1.113346216349033080e+00,1.100000000000000089e+00,5.000000000000000000e+00,2.000000000000000111e-01,4.545357929027261434e+00
1.518000000000000114e+02,1.043685857932554306e+00,1.100000000000000089e+00,5.000000000000000000e+00,2.000000000000000111e-01,-4.404908610581257378e+00
1.520000000000000000e+02,1.145434766928036030e+00,1.100000000000000089e+00,5.000000000000000000e+00,2.000000000000000111e-01,-3.461979009256737072e-01
1.522000000000000171e+02,1.040858561519061087e+00,1.100000000000000089e+00,5.000000000000000000e+00,2.000000000000000111e-01,-6.249909442233480661e+00
1.524000000000000057e+02,1.144242644037452461e+00,1.100000000000000089e+00,5.000000000000000000e+00,2.000000000000000111e-01,4.923663997446503515e+00
1.525999999999999943e+02,1.034769577251862582e+00,1.100000000000000089e+00,5.000000000000000000e+00,2.000000000000000111e-01,-3.130241820909951400e-01
1.528000000000000114e+02,1.131441458849273163e+00,1.100000000000000089e+00,5.000000000000000000e+00,2.000000000000000111e-01,-5.140577040466602909e-01
1.530000000000000000e+02,1.000928075708041209e+00,1.100000000000000089e+00,5.000000000000000000e+00,2.000000000000000111e-01,-4.218687872881368151e+00
1.532000000000000171e+02,1.075068967637575756e+00,1.100000000000000089e+00,5.000000000000000000e+00,2.000000000000000111e-01,9.387465482826261365e+00
1.534000000000000057e+02,1.028294577617720362e+00,1.100000000000000089e+00,5.000000000000000000e+00,2.000000000000000111e-01,3.099180337090739812e+00
1.536000000000000227e+02,1.092605270088794489e+00,1.100000000000000089e+00,5.000000000000000000e+00,2.000000000000000111e-01,6.926408540587207341e+00
1.538000000000000114e+02,1.199443769131071313e+00,1.100000000000000089e+00,5.000000000000000000e+00,2.000000000000000111e-01,8.150269044817481046e+00
1.540000000000000000e+02,1.201449841833335475e+00,1.100000000000000089e+00,5.000000000000000000e+00,2.000000000000000111e-01,-8.344490311800679905e+00
1.542000000000000171e+02,9.529837671124725684e-01,1.100000000000000089e+00,5.000000000000000000e+00,2.000000000000000111e-01,9.548605023109185908e+00
1.544000000000000057e+02,1.087626165030356473e+00,1.100000000000000089e+00,5.000000000000000000e+00,2.000000000000000111e-01,6.593196566563303662e+00
1.546000000000000227e+02,9.756556199474545332e-01,9.000000000000000222e-01,5.000000000000000000e+00,2.000000000000000111e-01,-2.360893016038936310e+00
1.548000000000000114e+02,8.863754016259467461e-01,9.000000000000000222e-01,5.000000000000000000e+00,2.000000000000000111e-01,3.204606339988309571e-01
1.550000000000000000e+02,8.389331758622667889e-01,9.000000000000000222e-01,5.000000000000000000e+00,2.000000000000000111e-01,-3.566008290315951790e+00
1.552000000000000171e+02,9.243137438519813953e-01,9.000000000000000222e-01,5.000000000000000000e+00,2.000000000000000111e-01,7.060762607581047234e+00
1.554000000000000057e+02,7.926018309472637746e-01,9.000000000000000222e-01,5.000000000000000000e+00,2.000000000000000111e-01,-9.129644289154153824e+00
1.556000000000000227e+02,8.225268065504510728e-01,9.000000000000000222e-01,5.000000000000000000e+00,2.000000000000000111e-01,-5.119625553391243145e+00
1.558000000000000114e+02,8.489795391519020518e-01,9.000000000000000222e-01,5.000000000000000000e+00,2.000000000000000111e-01,4.902367501031674735e+00
1.560000000000000000e+02,8.767281754267715055e-01,9.000000000000000222e-01,5.000000000000000000e+00,2.000000000000000111e-01,-9.600500719967424601e+00
1.562000000000000171e+02,8.239857165473361000e-01,9.000000000000000222e-01,5.000000000000000000e+00,2.000000000000000111e-01,-2.709582148090383669e-01
1.564000000000000057e+02,8.540933411065350089e-01,9.000000000000000222e-01,5.000000000000000000e+00,2.000000000000000111e-01,-4.819873594630972313e+00
1.566000000000000227e+02,1.013592813876844856e+00,9.000000000000000222e-01,5.000000000000000000e+00,2.000000000000000111e-01,-1.348465349033752148e+00
1.568000000000000114e+02,7.623184987585169825e-01,9.000000000000000222e-01,5.000000000000000000e+00,2.000000000000000111e-01,7.093842428009367040e-03
1.570000000000000000e+02,9.410353407342280097e-01,9.000000000000000222e-01,5.000000000000000000e+00,2.000000000000000111e-01,-2.686437922178186000e+00
1.572000000000000171e+02,9.254364753580366365e-01,9.000000000000000222e-01,5.000000000000000000e+00,2.000000000000000111e-01,-2.281127079071303854e+00
1.574000000000000057e+02,9.561782420979820785e-01,9.000000000000000222e-01,5.000000000000000000e+00,2.000000000000000111e-01,-1.237926858915441741e+00
1.576000000000000227e+02,6.870698492669005120e-01,9.000000000000000222e-01,5.000000000000000000e+00,2.000000000000000111e-01,-2.982156457982476638e-01
1.578000000000000114e+02,8.545913819507074960e-01,9.000000000000000222e-01,5.000000000000000000e+00,2.000000000000000111e-01,-1.680802239780716079e+00
1.580000000000000000e+02,8.657776549407323330e-01,9.000000000000000222e-01,5.000000000000000000e+00,2.000000000000000111e-01,2.935106582401424191e+00
1.582000000000000171e+02,9.275183899838231882e-01,9.000000000000000222e-01,5.000000000000000000e+00,2.000000000000000111e-01,5.869550450270786257e+00
1.584000000000000057e+02,9.414568257786209982e-01,9.000000000000000222e-01,5.000000000000000000e+00,2.000000000000000111e-01,2.429112158982766445e+00
1.586000000000000227e+02,8.855200349662404324e-01,9.000000000000000222e-01,5.000000000000000000e+00,2.000000000000000111e-01,7.641644194800356615e-01
1.588000000000000114e+02,7.901206408659002811e-01,9.000000000000000222e-01,5.000000000000000000e+00,2.000000000000000111e-01,-6.240445123061968857e+00
1.590000000000000000e+02,9.736966759300076379e-01,9.000000000000000222e-01,5.000000000000000000e+00,2.000000000000000111e-01,-2.164499566244993289e+00
1.592000000000000171e+02,8.053565734910590468e-01,9.000000000000000222e-01,5.000000000000000000e+00,2.000000000000000111e-01,-3.607023036494698687e-01
1.594000000000000057e+02,9.027951171937642627e-01,9.000000000000000222e-01,5.000000000000000000e+00,2.000000000000000111e-01,9.107170589340803701e+00
1.596000000000000227e+02,9.336369888757048985e-01,9.000000000000000222e-01,5.000000000000000000e+00,2.000000000000000111e-01,-4.140003036251975743e+00
1.598000000000000114e+02,9.609106742196994455e-01,9.000000000000000222e-01,5.000000000000000000e+00,2.000000000000000111e-01,-4.942299190276018273e+00
1.600000000000000000e+02,9.976776471593543638e-01,9.000000000000000222e-01,5.000000000000000000e+00,2.000000000000000111e-01,-9.248421708716644929e+00
1.602000000000000171e+02,9.640808524831018245e-01,9.000000000000000222e-01,5.000000000000000000e+00,2.000000000000000111e-01,7.671401526932971393e+00
1.604000000000000057e+02,9.340700033520583645e-01,9.000000000000000222e-01,5.000000000000000000e+00,2.000000000000000111e-01,8.880223482726744777e+00
1.606000000000000227e+02,1.020640906283576621e+00,9.000000000000000222e-01,5.000000000000000000e+00,2.000000000000000111e-01,-8.206003807418296603e+00
1.608000000000000114e+02,1.028479729694652400e+00,9.000000000000000222e-01,5.000000000000000000e+00,2.000000000000000111e-01,9.459565276772693210e+00
1.610000000000000000e+02,7.112664128700978416e-01,9.000000000000000222e-01,5.000000000000000000e+00,2.000000000000000111e-01,-9.180567865366217717e+00
1.612000000000000171e+02,9.262253912528453093e-01,9.000000000000000222e-01,5.000000000000000000e+00,2.000000000000000111e-01,7.098332882741953398e+00
1.614000000000000057e+02,8.296532329061960809e-01,9.000000000000000222e-01,5.000000000000000000e+00,2.000000000000000111e-01,8.608906791045768614e+00
1.616000000000000227e+02,8.635035053792932125e-01,9.000000000000000222e-01,5.000000000000000000e+00,2.000000000000000111e-01,2.976847224150983351e+00
1.618000000000000114e+02,9.261491796902476814e-01,9.000000000000000222e-01,5.000000000000000000e+00,2.000000000000000111e-01,-1.539408260600151124e+00
1.620000000000000000e+02,8.460873390806148420e-01,9.000000000000000222e-01,5.000000000000000000e+00,2.000000000000000111e-01,4.395654619975669419e+00
1.622000000000000171e+02,8.003808186415154458e-01,9.000000000000000222e-01,5.000000000000000000e+00,2.000000000000000111e-01,-1.022140556306286641e+00
1.624000000000000057e+02,8.112636195281196505e-01,9.000000000000000222e-01,5.000000000000000000e+00,2.000000000000000111e-01,1.825728631014458259e+00
1.626000000000000227e+02,9.878681465605052558e-01,9.000000000000000222e-01,5.000000000000000000e+00,2.000000000000000111e-01,-6.905874666942515283e+00
1.628000000000000114e+02,8.931173689795774973e-01,9.000000000000000222e-01,5.000000000000000000e+00,2.000000000000000111e-01,3.934577678801398193e+00
1.630000000000000000e+02,8.701003181590526436e-01,9.000000000000000222e-01,5.000000000000000000e+00,2.000000000000000111e-01,-7.915102045566260180e+00
1.632000000000000171e+02,9.282765140957482952e-01,9.000000000000000222e-01,5.000000000000000000e+00,2.000000000000000111e-01,-2.284571220195628527e+00
1.634000000000000057e+02,9.064390002065191299e-01,9.000000000000000222e-01,5.000000000000000000e+00,2.000000000000000111e-01,9.095813166960077467e+00
1.636000000000000227e+02,7.907331527397722937e-01,9.000000000000000222e-01,5.000000000000000000e+00,2.000000000000000111e-01,-4.215547551315415475e+00
1.638000000000000114e+02,9.621936925305596411e-01,9.000000000000000222e-01,5.000000000000000000e+00,2.000000000000000111e-01,5.256194478944543391e+00
1.640000000000000000e+02,1.036309414330406131e+00,9.000000000000000222e-01,5.000000000000000000e+00,2.000000000000000111e-01,-4.698760248679114682e+00
1.642000000000000171e+02,7.146355647560237445e-01,9.000000000000000222e-01,5.000000000000000000e+00,2.000000000000000111e-01,-7.311440622075718210e+00
1.644000000000000057e+02,8.838337774479878561e-01,9.000000000000000222e-01,5.000000000000000000e+00,2.000000000000000111e-01,9.589098510419930221e+00
1.646000000000000227e+02,9.567043369937303643e-01,9.000000000000000222e-01,5.000000000000000000e+00,2.000000000000000111e-01,-9.697243258771472085e+00
1.648000000000000114e+02,8.459779589674856215e-01,9.000000000000000222e-01,5.000000000000000000e+00,2.000000000000000111e-01,5.593362457136823451e-01
1.650000000000000000e+02,8.429723974809436582e-01,9.000000000000000222e-01,5.000000000000000000e+00,2.000000000000000111e-01,9.955708612804301083e+00
1.652000000000000171e+02,9.154110066503233778e-01,9.000000000000000222e-01,5.000000000000000000e+00,2.000000000000000111e-01,-9.077749490694786871e+00
1.654000000000000057e+02,9.729881961343216368e-01,9.000000000000000222e-01,5.000000000000000000e+00,2.000000000000000111e-01,-6.361827156133495365e+00
1.656000000000000227e+02,7.527605928297814719e-01,9.000000000000000222e-01,5.000000000000000000e+00,2.000000000000000111e-01,1.093963061213322874e+00
1.658000000000000114e+02,7.281306584049092034e-01,9.000000000000000222e-01,5.000000000000000000e+00,2.000000000000000111e-01,-6.492156386625779874e+00
1.660000000000000000e+02,8.317372507546167970e-01,9.000000000000000222e-01,5.000000000000000000e+00,2.000000000000000111e-01,2.137523529503326358e+00
1.662000000000000171e+02,7.763205752144611838e-01,9.000000000000000222e-01,5.000000000000000000e+00,2.000000000000000111e-01,-4.933993536575654204e+00
1.664000000000000057e+02,8.735930395329412068e-01,9.000000000000000222e-01,5.000000000000000000e+00,2.000000000000000111e-01,8.807694208081795040e+00
1.666000000000000227e+02,7.599062385981811829e-01,9.000000000000000222e-01,5.000000000000000000e+00,2.000000000000000111e-01,4.954822328915115648e+00
1.668000000000000114e+02,7.704411890666740259e-01,9.000000000000000222e-01,5.000000000000000000e+00,2.000000000000000111e-01,-2.588872313212739584e+00
1.670000000000000000e+02,9.162910365212224573e-01,9.000000000000000222e-01,5.000000000000000000e+00,2.000000000000000111e-01,1.503613861416361885e-01
1.672000000000000171e+02,9.352165767667904861e-01,9.000000000000000222e-01,5.000000000000000000e+00,2.000000000000000111e-01,-1.964766183088105578e+00
1.674000000000000057e+02,8.324005429056106076e-01,9.000000000000000222e-01,5.000000000000000000e+00,2.000000000000000111e-01,6.437379033336910084e+00
1.676000000000000227e+02,8.914832733573476720e-01,9.000000000000000222e-01,5.000000000000000000e+00,2.000000000000000111e-01,-9.133197311687411002e+00
1.678000000000000114e+02,9.475148008263707400e-01,9.000000000000000222e-01,5.000000000000000000e+00,2.000000000000000111e-01,8.822930109558978273e+00
1.680000000000000000e+02,8.786253429057803155e-01,9.000000000000000222e-01,5.000000000000000000e+00,2.000000000000000111e-01,2.265028074247315004e+00
1.682000000000000171e+02,7.691445912235526094e-01,9.000000000000000222e-01,5.000000000000000000e+00,2.000000000000000111e-01,-9.386376148787389795e+00
1.684000000000000057e+02,9.794135888899853093e-01,9.000000000000000222e-01,5.000000000000000000e+00,2.000000000000000111e-01,8.864198313412309460e+00
1.686000000000000227e+02,7.870766500655145270e-01,9.000000000000000222e-01,5.000000000000000000e+00,2.000000000000000111e-01,4.990414900425424349e+00
1.688000000000000114e+02,8.981851284522107681e-01,9.000000000000000222e-01,5.000000000000000000e+00,2.000000000000000111e-01,5.483439475319535461e+00
1.690000000000000000e+02,8.926678927794562401e-01,9.000000000000000222e-01,5.000000000000000000e+00,2.000000000000000111e-01,-2.661744242344914468e+00
1.692000000000000171e+02,7.456967282750295301e-01,9.000000000000000222e-01,5.000000000000000000e+00,2.000000000000000111e-01,-6.333072654437719606e+00
1.694000000000000057e+02,1.005371117078640575e+00,9.000000000000000222e-01,5.000000000000000000e+00,2.000000000000000111e-01,-4.164789334054619374e+00
1.696000000000000227e+02,9.884246356813057854e-01,9.000000000000000222e-01,5.000000000000000000e+00,2.000000000000000111e-01,4.215382897384763794e+00
1.698000000000000114e+02,8.454004293928196745e-01,9.000000000000000222e-01,5.000000000000000000e+00,2.000000000000000111e-01,3.704594974978096644e+00
1.700000000000000000e+02,9.279280990135629903e-01,9.000000000000000222e-01,5.000000000000000000e+00,2.000000000000000111e-01,9.900702745933152471e+00
1.702000000000000171e+02,7.282813805684652531e-01,9.000000000000000222e-01,5.000000000000000000e+00,2.000000000000000111e-01,6.246748644395157868e+00
1.704000000000000057e+02,9.386869219468705339e-01,9.000000000000000222e-01,5.000000000000000000e+00,2.000000000000000111e-01,9.352576902662708136e-01
1.706000000000000227e+02,8.720965914041539646e-01,9.000000000000000222e-01,5.000000000000000000e+00,2.000000000000000111e-01,7.361207836295946549e-02
1.708000000000000114e+02,5.732445281199638476e-01,9.000000000000000222e-01,5.000000000000000000e+00,2.000000000000000111e-01,7.420231887109746793e+00
1.710000000000000000e+02,1.037157638040422825e+00,9.000000000000000222e-01,5.000000000000000000e+00,2.000000000000000111e-01,-4.775683481885542037e+00
1.712000000000000171e+02,7.777692923671257752e-01,9.000000000000000222e-01,5.000000000000000000e+00,2.000000000000000111e-01,6.444571475818921868e+00
1.714000000000000057e+02,9.922102886646262387e-01,9.000000000000000222e-01,5.000000000000000000e+00,2.000000000000000111e-01,-3.707870512940623087e-01
1.716000000000000227e+02,9.243364115528683866e-01,9.000000000000000222e-01,5.000000000000000000e+00,2.000000000000000111e-01,1.206167980996639244e+00
1.718000000000000114e+02,7.844146274155234799e-01,9.000000000000000222e-01,5.000000000000000000e+00,2.000000000000000111e-01,-4.754291093613021602e+00
1.720000000000000000e+02,9.504554693210567340e-01,9.000000000000000222e-01,5.000000000000000000e+00,2.000000000000000111e-01,3.405867501488057059e+00
1.722000000000000171e+02,8.850336284597846159e-01,9.000000000000000222e-01,5.000000000000000000e+00,2.000000000000000111e-01,-4.076057617646622333e-01
1.724000000000000057e+02,9.540455304811247261e-01,9.000000000000000222e-01,5.000000000000000000e+00,2.000000000000000111e-01,7.777042583318820590e-01
1.726000000000000227e+02,7.991663969816229507e-01,9.000000000000000222e-01,5.000000000000000000e+00,2.000000000000000111e-01,4.684373780345092442e+00
1.728000000000000114e+02,8.599266805836520700e-01,9.000000000000000222e-01,5.000000000000000000e+00,2.000000000000000111e-01,-9.569111607818502563e+00
1.730000000000000000e+02,1.030257238780049045e+00,9.000000000000000222e-01,5.000000000000000000e+00,2.000000000000000111e-01,-4.093480557965119004e+00
1.732000000000000171e+02,8.832784653063939784e-01,9.000000000000000222e-01,5.000000000000000000e+00,2.000000000000000111e-01,4.090279744583718013e-01
1.734000000000000057e+02,8.566863503609124519e-01,9.000000000000000222e-01,5.000000000000000000e+00,2.000000000000000111e-01,5.022634128791690244e+00
1.736000000000000227e+02,8.071500499216160973e-01,9.000000000000000222e-01,5.000000000000000000e+00,2.000000000000000111e-01,9.466381986854884190e+00
1.738000000000000114e+02,1.021462297331308111e+00,9.000000000000000222e-01,5.000000000000000000e+00,2.000000000000000111e-01,9.991841677801328814e+00
1.740000000000000000e+02,8.105525608078014699e-01,9.000000000000000222e-01,5.000000000000000000e+00,2.000000000000000111e-01,-6.079270912930869741e+00
1.742000000000000171e+02,8.996797033793605403e-01,9.000000000000000222e-01,5.000000000000000000e+00,2.000000000000000111e-01,8.445123464561820725e+00
1.744000000000000057e+02,8.051460543643123025e-01,9.000000000000000222e-01,5.000000000000000000e+00,2.000000000000000111e-01,-4.159315725020647392e+00
1.746000000000000227e+02,8.368511741227042666e-01,9.000000000000000222e-01,5.000000000000000000e+00,2.000000000000000111e-01,2.891970349051415923e-01
1.748000000000000114e+02,1.028246412346126792e+00,9.000000000000000222e-01,5.000000000000000000e+00,2.000000000000000111e-01,-5.660014554506538786e+00
1.750000000000000000e+02,8.343707359233726306e-01,9.000000000000000222e-01,5.000000000000000000e+00,2.000000000000000111e-01,-2.586347550061907086e+00
1.752000000000000171e+02,7.606814022927756991e-01,9.000000000000000222e-01,5.000000000000000000e+00,2.000000000000000111e-01,-2.503079745780418364e+00
1.754000000000000057e+02,9.129314258749890998e-01,9.000000000000000222e-01,5.000000000000000000e+00,2.000000000000000111e-01,-5.638501600347618492e+00
1.756000000000000227e+02,9.491094360784538830e-01,9.000000000000000222e-01,5.000000000000000000e+00,2.000000000000000111e-01,-1.763546590823416693e+00
1.758000000000000114e+02,8.142735235079130440e-01,9.000000000000000222e-01,5.000000000000000000e+00,2.000000000000000111e-01,5.249908263668970676e+00
1.760000000000000000e+02,9.018373596836566364e-01,9.000000000000000222e-01,5.000000000000000000e+00,2.000000000000000111e-01,3.278310647697981750e+00
1.762000000000000171e+02,8.210583378922160502e-01,9.000000000000000222e-01,5.000000000000000000e+00,2.000000000000000111e-01,-7.381976094937686028e+00
1.764000000000000057e+02,7.918909964799606405e-01,9.000000000000000222e-01,5.000000000000000000e+00,2.000000000000000111e-01,-6.395699775464525061e-01
1.766000000000000227e+02,6.950112878384806514e-01,9.000000000000000222e-01,5.000000000000000000e+00,2.000000000000000111e-01,-9.729544261547463435e+00
1.768000000000000114e+02,8.928134537731103881e-01,1.000000000000000000e+00,5.000000000000000000e+00,2.000000000000000111e-01,-6.510745078257311746e+00
1.770000000000000000e+02,8.096926233507596438e-01,1.000000000000000000e+00,5.000000000000000000e+00,2.000000000000000111e-01,-6.227330965156181009e+00
1.772000000000000171e+02,1.063841235042381150e+00,1.000000000000000000e+00,5.000000000000000000e+00,2.000000000000000111e-01,1.856949256797639336e+00
1.774000000000000057e+02,1.060597084688497782e+00,1.000000000000000000e+00,5.000000000000000000e+00,2.000000000000000111e-01,1.932932395487764410e+00
1.776000000000000227e+02,9.611039114867241384e-01,1.000000000000000000e+00,5.000000000000000000e+00,2.000000000000000111e-01,-7.101035618135044913e+00
1.778000000000000114e+02,9.756232736524529381e-01,1.000000000000000000e+00,5.000000000000000000e+00,2.000000000000000111e-01,8.754060431090099570e+00
1.780000000000000000e+02,1.098464144883671834e+00,1.000000000000000000e+00,5.000000000000000000e+00,2.000000000000000111e-01,7.830502737043293138e+00
1.782000000000000171e+02,9.607312585646968772e-01,1.000000000000000000e+00,5.000000000000000000e+00,2.000000000000000111e-01,-3.956852873473124532e+00
1.784000000000000057e+02,9.006891661312051989e-01,1.000000000000000000e+00,5.000000000000000000e+00,2.000000000000000111e-01,8.549814896407461617e+00
1.786000000000000227e+02,9.121718893738584022e-01,1.000000000000000000e+00,5.000000000000000000e+00,2.000000000000000111e-01,-2.287239490898988592e+00
1.788000000000000114e+02,1.131738873869904349e+00,1.100000000000000089e+00,5.000000000000000000e+00,2.000000000000000111e-01,3.692144597549740226e+00
1.790000000000000000e+02,1.203151278351098696e+00,1.100000000000000089e+00,5.000000000000000000e+00,2.000000000000000111e-01,2.443444745527369122e+00
1.792000000000000171e+02,1.266535498020088912e+00,1.100000000000000089e+00,5.000000000000000000e+00,2.000000000000000111e-01,6.633155897628874698e+00
1.794000000000000057e+02,1.011389173685007137e+00,1.100000000000000089e+00,5.000000000000000000e+00,2.000000000000000111e-01,-9.376627140654221648e+00
1.796000000000000227e+02,1.125659622458488940e+00,1.100000000000000089e+00,5.000000000000000000e+00,2.000000000000000111e-01,6.969152392809654373e+00
1.798000000000000114e+02,1.241786403420505502e+00,1.100000000000000089e+00,5.000000000000000000e+00,2.000000000000000111e-01,5.902562515711567315e+00
1.800000000000000000e+02,1.011741984253810234e+00,1.100000000000000089e+00,5.000000000000000000e+00,2.000000000000000111e-01,-7.103579871457530004e+00
1.802000000000000171e+02,1.046679076807471409e+00,1.100000000000000089e+00,5.000000000000000000e+00,2.000000000000000111e-01,-8.376185800976559293e+00
1.804000000000000057e+02,1.145169520832881593e+00,1.100000000000000089e+00,5.000000000000000000e+00,2.000000000000000111e-01,-4.128950432232527668e+00
1.806000000000000227e+02,1.114251916863873149e+00,1.100000000000000089e+00,5.000000000000000000e+00,2.000000000000000111e-01,-9.593521062795684173e+00
1.808000000000000114e+02,9.725365266313935608e-01,1.100000000000000089e+00,5.000000000000000000e+00,2.000000000000000111e-01,8.335726546301714279e+00
1.810000000000000000e+02,1.063087582045208812e+00,1.100000000000000089e+00,5.000000000000000000e+00,2.000000000000000111e-01,-5.399554736907719033e+00
1.812000000000000171e+02,1.067302881352297783e+00,1.100000000000000089e+00,5.000000000000000000e+00,2.000000000000000111e-01,2.744797066697257648e+00
1.814000000000000057e+02,1.014654248305946638e+00,1.100000000000000089e+00,5.000000000000000000e+00,2.000000000000000111e-01,-5.593776343265231432e+00
1.816000000000000227e+02,1.049113722739393184e+00,1.100000000000000089e+00,5.000000000000000000e+00,2.000000000000000111e-01,-5.519926945884212621e+00
1.818000000000000114e+02,1.159833174041086989e+00,1.100000000000000089e+00,5.000000000000000000e+00,2.000000000000000111e-01,-9.792207591008409651e+00
1.820000000000000000e+02,1.013798603859424219e+00,1.100000000000000089e+00,5.000000000000000000e+00,2.000000000000000111e-01,-2.669467604836484043e-01
1.822000000000000171e+02,1.049138350662869756e+00,1.100000000000000089e+00,5.000000000000000000e+00,2.000000000000000111e-01,-5.868432313658722421e+00
1.824000000000000057e+02,9.772563371229835427e-01,1.100000000000000089e+00,5.000000000000000000e+00,2.000000000000000111e-01,-1.361399607032240056e+00
1.826000000000000227e+02,1.165794733291661167e+00,1.100000000000000089e+00,5.000000000000000000e+00,2.000000000000000111e-01,6.696729165202782497e+00
1.828000000000000114e+02,1.067238814056649332e+00,1.100000000000000089e+00,5.000000000000000000e+00,2.000000000000000111e-01,-9.272274554372696542e+00
1.830000000000000000e+02,9.592381525122920527e-01,1.100000000000000089e+00,5.000000000000000000e+00,2.000000000000000111e-01,4.701084887359211706e+00
1.832000000000000171e+02,1.175619756548594630e+00,1.100000000000000089e+00,5.000000000000000000e+00,2.000000000000000111e-01,-3.998838510542910285e-01
1.834000000000000057e+02,1.070168479006438966e+00,1.100000000000000089e+00,5.000000000000000000e+00,2.000000000000000111e-01,7.056879994537549550e+00
1.836000000000000227e+02,1.121262658275636870e+00,1.100000000000000089e+00,5.000000000000000000e+00,2.000000000000000111e-01,6.733830017127612422e+00
1.838000000000000114e+02,1.132750352527197579e+00,1.100000000000000089e+00,5.000000000000000000e+00,2.000000000000000111e-01,3.411766803967964279e+00
1.840000000000000000e+02,9.910600342810654828e-01,1.100000000000000089e+00,5.000000000000000000e+00,2.000000000000000111e-01,6.665547192233919560e+00
1.842000000000000171e+02,1.102985124599966449e+00,1.100000000000000089e+00,5.000000000000000000e+00,2.000000000000000111e-01,-1.070709688707012219e-01
1.844000000000000057e+02,1.011648888056849049e+00,1.100000000000000089e+00,5.000000000000000000e+00,2.000000000000000111e-01,3.508531870991884460e+00
1.846000000000000227e+02,9.373222413453734525e-01,1.100000000000000089e+00,5.000000000000000000e+00,2.000000000000000111e-01,3.909049286359040920e+00
1.848000000000000114e+02,1.067756415204350606e+00,1.100000000000000089e+00,5.000000000000000000e+00,2.000000000000000111e-01,-5.428372191381534151e+00
1.850000000000000000e+02,9.405393687475065434e-01,1.100000000000000089e+00,5.000000000000000000e+00,2.000000000000000111e-01,-3.440442062610249430e+00
1.852000000000000171e+02,1.096412141457119294e+00,1.100000000000000089e+00,5.000000000000000000e+00,2.000000000000000111e-01,-2.426119563465938711e+00
1.854000000000000057e+02,1.185747355187882768e+00,1.100000000000000089e+00,5.000000000000000000e+00,2.000000000000000111e-01,-5.397136126937951417e-02
1.856000000000000227e+02,1.034886310186517555e+00,1.100000000000000089e+00,5.000000000000000000e+00,2.000000000000000111e-01,3.228858999719122380e+00
1.858000000000000114e+02,1.227563169109558761e+00,1.100000000000000089e+00,5.000000000000000000e+00,2.000000000000000111e-01,-6.164728301691082990e+00
1.860000000000000000e+02,9.675380169941487640e-01,1.100000000000000089e+00,5.000000000000000000e+00,2.000000000000000111e-01,5.541526167232115441e+00
1.862000000000000171e+02,1.016090813175897445e+00,1.100000000000000089e+00,5.000000000000000000e+00,2.000000000000000111e-01,-6.271708646390166564e+00
1.864000000000000057e+02,1.201117695263975937e+00,1.100000000000000089e+00,5.000000000000000000e+00,2.000000000000000111e-01,1.696245807226567592e+00
1.866000000000000227e+02,1.073570024181557336e+00,1.100000000000000089e+00,5.000000000000000000e+00,2.000000000000000111e-01,6.595716398663832081e+00
1.868000000000000114e+02,1.196471092095928501e+00,1.100000000000000089e+00,5.000000000000000000e+00,2.000000000000000111e-01,6.095325902912946958e+00
1.870000000000000000e+02,1.229961141852143447e+00,1.100000000000000089e+00,5.000000000000000000e+00,2.000000000000000111e-01,6.818659163487051700e+00
1.872000000000000171e+02,1.031948013489110805e+00,1.100000000000000089e+00,5.000000000000000000e+00,2.000000000000000111e-01,6.475280944863730070e+00
1.874000000000000057e+02,9.890263150849867291e-01,1.100000000000000089e+00,5.000000000000000000e+00,2.000000000000000111e-01,-6.084319406414304687e+00
1.876000000000000227e+02,1.219351000121409623e+00,1.100000000000000089e+00,5.000000000000000000e+00,2.000000000000000111e-01,-2.516075403074607308e+00
1.878000000000000114e+02,1.049303821526380576e+00,1.100000000000000089e+00,5.000000000000000000e+00,2.000000000000000111e-01,-9.485577754986334043e+00
1.880000000000000000e+02,1.202468415993810380e+00,1.100000000000000089e+00,5.000000000000000000e+00,2.000000000000000111e-01,6.495825568563024177e+00
1.882000000000000171e+02,1.232371280310638362e+00,1.100000000000000089e+00,5.000000000000000000e+00,2.000000000000000111e-01,-7.500222102696929127e+00
1.884000000000000057e+02,1.096911548708359829e+00,1.100000000000000089e+00,5.000000000000000000e+00,2.000000000000000111e-01,-6.639722202901037207e-01
1.886000000000000227e+02,1.040089157546571164e+00,1.100000000000000089e+00,5.000000000000000000e+00,2.000000000000000111e-01,5.521560560448302013e+00
1.888000000000000114e+02,1.063750060012665921e+00,1.100000000000000089e+00,5.000000000000000000e+00,2.000000000000000111e-01,8.222823642842801206e+00
1.890000000000000000e+02,1.102493521390797149e+00,1.100000000000000089e+00,5.000000000000000000e+00,2.000000000000000111e-01,9.555490623514547366e+00
1.892000000000000171e+02,1.109839008736367649e+00,1.100000000000000089e+00,5.000000000000000000e+00,2.000000000000000111e-01,2.900512249530963871e+00
1.894000000000000057e+02,1.152065571440376246e+00,1.100000000000000089e+00,5.000000000000000000e+00,2.000000000000000111e-01,3.457657220918065377e+00
1.896000000000000227e+02,1.055598145426998480e+00,1.100000000000000089e+00,5.000000000000000000e+00,2.000000000000000111e-01,-9.593102987744295262e+00
1.898000000000000114e+02,1.008582577172490335e+00,1.100000000000000089e+00,5.000000000000000000e+00,2.000000000000000111e-01,-6.382966303406584885e+00
1.900000000000000000e+02,1.114782950556107100e+00,1.100000000000000089e+00,5.000000000000000000e+00,2.000000000000000111e-01,-9.509678768541100169e+00
1.902000000000000171e+02,1.018612345635802940e+00,1.100000000000000089e+00,5.000000000000000000e+00,2.000000000000000111e-01,9.715421354428986689e+00
1.904000000000000057e+02,1.275749589534398876e+00,1.100000000000000089e+00,5.000000000000000000e+00,2.000000000000000111e-01,3.852728709423658415e+00
1.906000000000000227e+02,9.887172507573074309e-01,1.100000000000000089e+00,5.000000000000000000e+00,2.000000000000000111e-01,-8.544158296141084463e-01
1.908000000000000114e+02,1.228510067881822598e+00,1.100000000000000089e+00,5.000000000000000000e+00,2.000000000000000111e-01,2.315711375386733550e+00
1.910000000000000000e+02,1.076219699050205314e+00,1.100000000000000089e+00,5.000000000000000000e+00,2.000000000000000111e-01,2.164360177974442578e+00
1.912000000000000171e+02,1.155155054241669976e+00,1.100000000000000089e+00,5.000000000000000000e+00,2.000000000000000111e-01,-2.147048327518231048e+00
1.914000000000000057e+02,1.152282990140610863e+00,1.100000000000000089e+00,5.000000000000000000e+00,2.000000000000000111e-01,5.831676051657197490e+00
1.916000000000000227e+02,1.013990959853825702e+00,1.100000000000000089e+00,5.000000000000000000e+00,2.000000000000000111e-01,9.025035006287843942e+00
1.918000000000000114e+02,1.096280441113555160e+00,1.100000000000000089e+00,5.000000000000000000e+00,2.000000000000000111e-01,1.971625995360737349e+00
1.920000000000000000e+02,1.032406474931817364e+00,1.100000000000000089e+00,5.000000000000000000e+00,2.000000000000000111e-01,3.520500412448363647e+00
1.922000000000000171e+02,1.190936382216501332e+00,1.100000000000000089e+00,5.000000000000000000e+00,2.000000000000000111e-01,8.207681237237515859e+00
1.924000000000000057e+02,1.206147804582892613e+00,1.100000000000000089e+00,5.000000000000000000e+00,2.000000000000000111e-01,-3.710245716170605945e+00
1.926000000000000227e+02,1.128391513751930919e+00,1.100000000000000089e+00,5.000000000000000000e+00,2.000000000000000111e-01,7.689000625470288952e+00
1.928000000000000114e+02,1.078620369132393009e+00,1.100000000000000089e+00,5.000000000000000000e+00,2.000000000000000111e-01,1.214708585662309659e+00
1.930000000000000000e+02,1.125179469706567792e+00,1.100000000000000089e+00,5.000000000000000000e+00,2.000000000000000111e-01,3.326539239614589860e-01
1.932000000000000171e+02,1.002168366190267168e+00,1.100000000000000089e+00,5.000000000000000000e+00,2.000000000000000111e-01,-6.987761489676898030e+00
1.934000000000000057e+02,1.107456328005173685e+00,1.100000000000000089e+00,5.000000000000000000e+00,2.000000000000000111e-01,3.033627880440011637e+00
1.936000000000000227e+02,1.081803794208656022e+00,1.100000000000000089e+00,5.000000000000000000e+00,2.000000000000000111e-01,-4.821470864897041686e+00
1.938000000000000114e+02,1.125992345705032482e+00,1.100000000000000089e+00,5.000000000000000000e+00,2.000000000000000111e-01,5.248640788356508935e+00
1.940000000000000000e+02,1.017570069865729288e+00,1.100000000000000089e+00,5.000000000000000000e+00,2.000000000000000111e-01,-5.695415754782498396e+00
1.942000000000000171e+02,1.178359968379720124e+00,1.100000000000000089e+00,5.000000000000000000e+00,2.000000000000000111e-01,-7.101637605983390777e+00
1.944000000000000057e+02,1.063092084151201488e+00,1.100000000000000089e+00,5.000000000000000000e+00,2.000000000000000111e-01,9.967367388834848185e+00
1.946000000000000227e+02,9.962837753673100538e-01,1.100000000000000089e+00,5.000000000000000000e+00,2.000000000000000111e-01,8.876555692378303775e+00
1.948000000000000114e+02,1.117278301237863758e+00,1.100000000000000089e+00,5.000000000000000000e+00,2.000000000000000111e-01,9.698087284490476634e+00
1.950000000000000000e+02,1.212708668965163383e+00,1.100000000000000089e+00,5.000000000000000000e+00,2.000000000000000111e-01,7.353074073101996788e+00
1.952000000000000171e+02,1.141739699937052599e+00,1.100000000000000089e+00,5.000000000000000000e+00,2.000000000000000111e-01,6.217159169942767960e+00
1.954000000000000057e+02,1.054315563258696908e+00,1.100000000000000089e+00,5.000000000000000000e+00,2.000000000000000111e-01,-8.711470815854129413e+00
1.956000000000000227e+02,9.597008390570705982e-01,1.100000000000000089e+00,5.000000000000000000e+00,2.000000000000000111e-01,-5.846295222262504865e+00
1.958000000000000114e+02,1.201896272072094707e+00,1.100000000000000089e+00,5.000000000000000000e+00,2.000000000000000111e-01,4.249004476433558608e+00
1.960000000000000000e+02,9.808817590674243636e-01,1.100000000000000089e+00,5.000000000000000000e+00,2.000000000000000111e-01,3.842041944741909631e+00
1.962000000000000171e+02,1.068912823172092574e+00,1.100000000000000089e+00,5.000000000000000000e+00,2.000000000000000111e-01,-3.678058031133957684e+00
1.964000000000000057e+02,1.077761791766418176e+00,1.100000000000000089e+00,5.000000000000000000e+00,2.000000000000000111e-01,-6.273478454186866671e+00
1.966000000000000227e+02,1.095538779766151105e+00,1.100000000000000089e+00,5.000000000000000000e+00,2.000000000000000111e-01,3.361147394110917119e+00
1.968000000000000114e+02,1.125725763221660625e+00,1.100000000000000089e+00,5.000000000000000000e+00,2.000000000000000111e-01,7.682022827612154714e+00
1.970000000000000000e+02,1.036651630500858401e+00,1.100000000000000089e+00,5.000000000000000000e+00,2.000000000000000111e-01,-9.579513717449223975e-01
1.972000000000000171e+02,1.185511964070918189e+00,1.100000000000000089e+00,5.000000000000000000e+00,2.000000000000000111e-01,4.162062805320870140e+00
1.974000000000000057e+02,1.189739881882613037e+00,1.100000000000000089e+00,5.000000000000000000e+00,2.000000000000000111e-01,-6.304846856436247649e+00
1.976000000000000227e+02,9.410089730423278898e-01,1.100000000000000089e+00,5.000000000000000000e+00,2.000000000000000111e-01,7.702947519500384033e+00
1.978000000000000114e+02,9.866273278956284587e-01,1.100000000000000089e+00,5.000000000000000000e+00,2.000000000000000111e-01,-9.177372904717927327e+00
1.980000000000000000e+02,1.065506020967899259e+00,1.100000000000000089e+00,5.000000000000000000e+00,2.000000000000000111e-01,3.314645226428062585e+00
1.982000000000000171e+02,1.030919423730246365e+00,1.100000000000000089e+00,5.000000000000000000e+00,2.000000000000000111e-01,5.323794556501756148e+00
1.984000000000000057e+02,1.016660857538432383e+00,1.100000000000000089e+00,5.000000000000000000e+00,2.000000000000000111e-01,-9.894692096818571869e+00
1.986000000000000227e+02,1.174140227104256695e+00,1.100000000000000089e+00,5.000000000000000000e+00,2.000000000000000111e-01,8.530873401246616083e+00
1.988000000000000114e+02,9.308931191664362448e-01,9.000000000000000222e-01,5.000000000000000000e+00,2.000000000000000111e-01,-4.419615351740999287e+00
1.990000000000000000e+02,1.048304756177083963e+00,9.000000000000000222e-01,5.000000000000000000e+00,2.000000000000000111e-01,-9.517110154413765954e+00
1.992000000000000171e+02,1.040087427782570684e+00,9.000000000000000222e-01,5.000000000000000000e+00,2.000000000000000111e-01,-2.616595841666558009e+00
1.994000000000000057e+02,8.545160800930481360e-01,9.000000000000000222e-01,5.000000000000000000e+00,2.000000000000000111e-01,-5.890690422076798605e+00
1.996000000000000227e+02,9.019133332430151473e-01,9.000000000000000222e-01,5.000000000000000000e+00,2.000000000000000111e-01,-3.877206967456476860e+00
1.998000000000000114e+02,8.682922884562561672e-01,9.000000000000000222e-01,5.000000000000000000e+00,2.000000000000000111e-01,6.191719106354163671e+00
2.000000000000000000e+02,8.332707202796515444e-01,9.000000000000000222e-01,5.000000000000000000e+00,2.000000000000000111e-01,1.035503165969458905e+00
2.002000000000000171e+02,9.497165371054500094e-01,9.000000000000000222e-01,5.000000000000000000e+00,2.000000000000000111e-01,5.315522516504529449e-01
2.004000000000000057e+02,9.556450382069787697e-01,9.000000000000000222e-01,5.000000000000000000e+00,2.000000000000000111e-01,-2.907807007382112729e+00
2.006000000000000227e+02,1.060803418093273498e+00,9.000000000000000222e-01,5.000000000000000000e+00,2.000000000000000111e-01,6.257930584981462374e+00
2.008000000000000114e+02,8.669095784333922250e-01,9.000000000000000222e-01,5.000000000000000000e+00,2.000000000000000111e-01,4.222806139055801822e+00
2.010000000000000000e+02,1.019114856027512950e+00,9.000000000000000222e-01,5.000000000000000000e+00,2.000000000000000111e-01,-5.002020685015226675e+00
2.012000000000000171e+02,1.082062359598429557e+00,9.000000000000000222e-01,5.000000000000000000e+00,2.000000000000000111e-01,-4.921695053658437402e+00
2.014000000000000057e+02,9.625641304232580575e-01,9.000000000000000222e-01,5.000000000000000000e+00,2.000000000000000111e-01,6.168841648739672223e+00
2.016000000000000227e+02,9.075666463780226456e-01,9.000000000000000222e-01,5.000000000000000000e+00,2.000000000000000111e-01,-8.003653745433155109e+00
2.018000000000000114e+02,9.085091994833933704e-01,9.000000000000000222e-01,5.000000000000000000e+00,2.000000000000000111e-01,-2.106411324361210369e+00
2.020000000000000000e+02,9.359065036490186174e-01,9.000000000000000222e-01,5.000000000000000000e+00,2.000000000000000111e-01,-5.937036762855147920e+00
2.022000000000000171e+02,8.406196091126439951e-01,9.000000000000000222e-01,5.000000000000000000e+00,2.000000000000000111e-01,5.690446858223641158e+00
2.024000000000000057e+02,8.982691416381859417e-01,9.000000000000000222e-01,5.000000000000000000e+00,2.000000000000000111e-01,4.182705439185367524e+00
2.026000000000000227e+02,7.520293256754152500e-01,9.000000000000000222e-01,5.000000000000000000e+00,2.000000000000000111e-01,7.982280707855093027e+00
2.028000000000000114e+02,8.811649270996376737e-01,9.000000000000000222e-01,5.000000000000000000e+00,2.000000000000000111e-01,9.258664127224299989e+00
2.030000000000000000e+02,9.246030108972773665e-01,9.000000000000000222e-01,5.000000000000000000e+00,2.000000000000000111e-01,-4.762667543107854229e+00
2.032000000000000171e+02,8.856884739328573231e-01,9.000000000000000222e-01,5.000000000000000000e+00,2.000000000000000111e-01,-1.790377628473942551e+00
2.034000000000000057e+02,8.409453412509841908e-01,9.000000000000000222e-01,5.000000000000000000e+00,2.000000000000000111e-01,-2.812546333332308635e+00
2.036000000000000227e+02,7.275883568553090930e-01,9.000000000000000222e-01,5.000000000000000000e+00,2.000000000000000111e-01,7.238677775399398939e+00
2.038000000000000114e+02,7.769587924822020097e-01,9.000000000000000222e-01,5.000000000000000000e+00,2.000000000000000111e-01,4.323426437288340196e-01
2.040000000000000000e+02,9.370259418930795281e-01,9.000000000000000222e-01,5.000000000000000000e+00,2.000000000000000111e-01,-7.514773512045566761e+00
2.042000000000000171e+02,8.248649757986704634e-01,9.000000000000000222e-01,5.000000000000000000e+00,2.000000000000000111e-01,-9.025608090827070384e+00
2.044000000000000057e+02,8.431595765322227320e-01,9.000000000000000222e-01,5.000000000000000000e+00,2.000000000000000111e-01,8.486198404436535725e+00
2.046000000000000227e+02,9.514261430848823808e-01,9.000000000000000222e-01,5.000000000000000000e+00,2.000000000000000111e-01,-1.239439002828611081e+00
2.048000000000000114e+02,9.252122339491564151e-01,9.000000000000000222e-01,5.000000000000000000e+00,2.000000000000000111e-01,5.578295252409855465e+00
2.050000000000000000e+02,9.658542036416613019e-01,9.000000000000000222e-01,5.000000000000000000e+00,2.000000000000000111e-01,-6.093553447882023022e+00
2.052000000000000171e+02,7.114027528969454339e-01,9.000000000000000222e-01,5.000000000000000000e+00,2.000000000000000111e-01,-8.040833143975447683e-01
2.054000000000000057e+02,8.229143232816735765e-01,9.000000000000000222e-01,5.000000000000000000e+00,2.000000000000000111e-01,-5.041895108540535020e+00
2.056000000000000227e+02,9.484058062438680548e-01,9.000000000000000222e-01,5.000000000000000000e+00,2.000000000000000111e-01,-2.874652201402961182e+00
2.058000000000000114e+02,7.408815191104543008e-01,9.000000000000000222e-01,5.000000000000000000e+00,2.000000000000000111e-01,3.463809321935540808e+00
2.060000000000000000e+02,9.345006807879883137e-01,9.000000000000000222e-01,5.000000000000000000e+00,2.000000000000000111e-01,-7.573643132370698083e+00
2.062000000000000171e+02,8.401064377608753464e-01,9.000000000000000222e-01,5.000000000000000000e+00,2.000000000000000111e-01,2.781097093273046994e+00
2.064000000000000057e+02,7.683879983161643334e-01,9.000000000000000222e-01,5.000000000000000000e+00,2.000000000000000111e-01,9.189893467573675423e+00
2.066000000000000227e+02,1.077519410078457529e+00,9.000000000000000222e-01,5.000000000000000000e+00,2.000000000000000111e-01,3.676212567721927726e+00
2.068000000000000114e+02,8.700244903288290033e-01,9.000000000000000222e-01,5.000000000000000000e+00,2.000000000000000111e-01,6.334897229673181585e+00
2.070000000000000000e+02,1.029147109806334059e+00,9.000000000000000222e-01,5.000000000000000000e+00,2.000000000000000111e-01,-5.507531094159703322e+00
2.072000000000000171e+02,1.053346676441411889e+00,9.000000000000000222e-01,5.000000000000000000e+00,2.000000000000000111e-01,-3.973855570540944626e+00
2.074000000000000057e+02,8.057916790038045507e-01,9.000000000000000222e-01,5.000000000000000000e+00,2.000000000000000111e-01,-1.658145399389091779e+00
2.076000000000000227e+02,9.168472402540241983e-01,9.000000000000000222e-01,5.000000000000000000e+00,2.000000000000000111e-01,-1.839676133486422671e+00
2.078000000000000114e+02,8.679293835015864378e-01,9.000000000000000222e-01,5.000000000000000000e+00,2.000000000000000111e-01,2.939600678228552866e+00
2.080000000000000000e+02,8.957897985743583646e-01,9.000000000000000222e-01,5.000000000000000000e+00,2.000000000000000111e-01,5.075863639036118258e+00
2.082000000000000171e+02,1.103268676989751729e+00,9.000000000000000222e-01,5.000000000000000000e+00,2.000000000000000111e-01,8.199345040111694516e+00
2.084000000000000057e+02,8.301168681668738003e-01,9.000000000000000222e-01,5.000000000000000000e+00,2.000000000000000111e-01,9.456156630321714829e+00
2.086000000000000227e+02,9.110011008236975627e-01,9.000000000000000222e-01,5.000000000000000000e+00,2.000000000000000111e-01,9.231624653009298243e-01
2.088000000000000114e+02,7.997517394231979937e-01,9.000000000000000222e-01,5.000000000000000000e+00,2.000000000000000111e-01,7.973915602376170142e+00
2.090000000000000000e+02,8.117455524216926621e-01,9.000000000000000222e-01,5.000000000000000000e+00,2.000000000000000111e-01,4.666311260490090262e-01
2.092000000000000171e+02,8.213396553868491656e-01,9.000000000000000222e-01,5.000000000000000000e+00,2.000000000000000111e-01,6.175462050740861741e+00
2.094000000000000057e+02,9.413942695924427673e-01,9.000000000000000222e-01,5.000000000000000000e+00,2.000000000000000111e-01,-5.038498798781930077e+00
2.096000000000000227e+02,9.325999149073982419e-01,9.000000000000000222e-01,5.000000000000000000e+00,2.000000000000000111e-01,6.047086789610368385e+00
2.098000000000000114e+02,9.409281077611401090e-01,9.000000000000000222e-01,5.000000000000000000e+00,2.000000000000000111e-01,5.985207386017219022e+00
2.100000000000000000e+02,9.734024111479860908e-01,9.000000000000000222e-01,5.000000000000000000e+00,2.000000000000000111e-01,-4.234468063930343362e+00
2.102000000000000171e+02,9.333493933732572856e-01,9.000000000000000222e-01,5.000000000000000000e+00,2.000000000000000111e-01,3.809678725716459269e+00
2.104000000000000057e+02,9.695455149818634766e-01,9.000000000000000222e-01,5.000000000000000000e+00,2.000000000000000111e-01,-4.417468073153973940e+00
2.106000000000000227e+02,8.123351626854428131e-01,9.000000000000000222e-01,5.000000000000000000e+00,2.000000000000000111e-01,-3.926165814586852321e+00
2.108000000000000114e+02,9.045574492521436527e-01,9.000000000000000222e-01,5.000000000000000000e+00,2.000000000000000111e-01,-7.515596163518170059e+00
2.110000000000000000e+02,1.110251320607824832e+00,9.000000000000000222e-01,5.000000000000000000e+00,2.000000000000000111e-01,5.238481751834660471e+00
2.112000000000000171e+02,7.964457065201346886e-01,9.000000000000000222e-01,5.000000000000000000e+00,2.000000000000000111e-01,-3.681573718048605670e+00
2.114000000000000057e+02,8.378137206876267173e-01,9.000000000000000222e-01,5.000000000000000000e+00,2.000000000000000111e-01,-8.241581450892123684e+00
2.116000000000000227e+02,7.994106794560238427e-01,9.000000000000000222e-01,5.000000000000000000e+00,2.000000000000000111e-01,-1.223208082030831534e+00
2.118000000000000114e+02,8.152181337997532751e-01,9.000000000000000222e-01,5.000000000000000000e+00,2.000000000000000111e-01,-3.096529384558479592e+00
2.120000000000000000e+02,8.612413069003019839e-01,9.000000000000000222e-01,5.000000000000000000e+00,2.000000000000000111e-01,-1.991775923118584757e+00
2.122000000000000171e+02,9.822259740627350411e-01,9.000000000000000222e-01,5.000000000000000000e+00,2.000000000000000111e-01,-5.864774122998035466e-01
2.124000000000000057e+02,1.174037854074242881e+00,9.000000000000000222e-01,5.000000000000000000e+00,2.000000000000000111e-01,-1.554939169753806638e+00
2.126000000000000227e+02,8.578925179132550483e-01,9.000000000000000222e-01,5.000000000000000000e+00,2.000000000000000111e-01,-1.024689317544677181e+00
2.128000000000000114e+02,8.396382312240473489e-01,9.000000000000000222e-01,5.000000000000000000e+00,2.000000000000000111e-01,4.471215937859378542e+00
2.130000000000000000e+02,1.012532972281902310e+00,9.000000000000000222e-01,5.000000000000000000e+00,2.000000000000000111e-01,8.595408081909564402e+00
2.132000000000000171e+02,8.444406399795540974e-01,9.000000000000000222e-01,5.000000000000000000e+00,2.000000000000000111e-01,-9.838354484092006302e+00
2.134000000000000057e+02,7.649995535380633704e-01,9.000000000000000222e-01,5.000000000000000000e+00,2.000000000000000111e-01,-6.840000948336801834e+00
2.136000000000000227e+02,7.530568170374467574e-01,9.000000000000000222e-01,5.000000000000000000e+00,2.000000000000000111e-01,8.923407345618826980e+00
2.138000000000000114e+02,1.004350247720730227e+00,9.000000000000000222e-01,5.000000000000000000e+00,2.000000000000000111e-01,-6.304947836962653263e+00
2.140000000000000000e+02,8.455974142365525470e-01,9.000000000000000222e-01,5.000000000000000000e+00,2.000000000000000111e-01,-1.779756471153975284e+00
2.142000000000000171e+02,9.553502150110462221e-01,9.000000000000000222e-01,5.000000000000000000e+00,2.000000000000000111e-01,3.392469004501030838e-01
2.144000000000000057e+02,8.404941477578398157e-01,9.000000000000000222e-01,5.000000000000000000e+00,2.000000000000000111e-01,2.254515095575335693e-01
2.146000000000000227e+02,9.195333719007303674e-01,9.000000000000000222e-01,5.000000000000000000e+00,2.000000000000000111e-01,7.968965701929267453e+00
2.148000000000000114e+02,7.860850237097876114e-01,9.000000000000000222e-01,5.000000000000000000e+00,2.000000000000000111e-01,-9.663781985413502085e+00
2.150000000000000000e+02,9.817498212290831638e-01,9.000000000000000222e-01,5.000000000000000000e+00,2.000000000000000111e-01,-3.143302110078929346e+00
2.152000000000000171e+02,9.101047708895870780e-01,9.000000000000000222e-01,5.000000000000000000e+00,2.000000000000000111e-01,-1.487208410473845888e+00
2.154000000000000057e+02,9.745766874105121769e-01,9.000000000000000222e-01,5.000000000000000000e+00,2.000000000000000111e-01,8.342916343192019468e+00
2.156000000000000227e+02,8.235145089306338262e-01,1.000000000000000000e+00,5.000000000000000000e+00,2.000000000000000111e-01,-5.953643523583451724e+00
2.158000000000000114e+02,1.008395723442259584e+00,1.000000000000000000e+00,5.000000000000000000e+00,2.000000000000000111e-01,-3.646749869254080068e-01
2.160000000000000000e+02,1.128006309282852948e+00,1.000000000000000000e+00,5.000000000000000000e+00,2.000000000000000111e-01,2.326451502928499337e+00
2.162000000000000171e+02,1.064538258306441998e+00,1.000000000000000000e+00,5.000000000000000000e+00,2.000000000000000111e-01,-9.932776561531113657e-01
2.164000000000000057e+02,1.036615536935560966e+00,1.000000000000000000e+00,5.000000000000000000e+00,2.000000000000000111e-01,2.443742335988048353e+00
2.166000000000000227e+02,1.041135810996105970e+00,1.000000000000000000e+00,5.000000000000000000e+00,2.000000000000000111e-01,-9.645372666660810168e+00
2.168000000000000114e+02,1.102422017381487818e+00,1.000000000000000000e+00,5.000000000000000000e+00,2.000000000000000111e-01,-4.926770669498246491e+00
2.170000000000000000e+02,1.053746563996925012e+00,1.000000000000000000e+00,5.000000000000000000e+00,2.000000000000000111e-01,-5.263531728678751520e+00
2.172000000000000171e+02,9.219176163572330163e-01,1.000000000000000000e+00,5.000000000000000000e+00,2.000000000000000111e-01,6.646946488806829478e+00
2.174000000000000057e+02,9.095714809900894426e-01,1.000000000000000000e+00,5.000000000000000000e+00,2.000000000000000111e-01,-4.803953866089174518e+00
2.176000000000000227e+02,9.240063077188479523e-01,1.000000000000000000e+00,5.000000000000000000e+00,2.000000000000000111e-01,7.995019328687202886e-01
2.178000000000000114e+02,9.113958614583108631e-01,1.000000000000000000e+00,5.000000000000000000e+00,2.000000000000000111e-01,5.642364148542744928e+00
2.180000000000000000e+02,9.971909941979897329e-01,1.000000000000000000e+00,5.000000000000000000e+00,2.000000000000000111e-01,6.131580630439501078e+00
2.182000000000000171e+02,7.944640055902731923e-01,1.000000000000000000e+00,5.000000000000000000e+00,2.000000000000000111e-01,1.144969162904471816e+00
2.184000000000000057e+02,1.024783934931054352e+00,1.000000000000000000e+00,5.000000000000000000e+00,2.000000000000000111e-01,-5.579253236000067950e+00
2.186000000000000227e+02,1.013615583479630100e+00,1.000000000000000000e+00,5.000000000000000000e+00,2.000000000000000111e-01,6.776783172044222425e+00
2.188000000000000114e+02,8.759287891426135175e-01,1.000000000000000000e+00,5.000000000000000000e+00,2.000000000000000111e-01,-3.644421173794086144e+00
2.190000000000000000e+02,1.029986903835158563e+00,1.000000000000000000e+00,5.000000000000000000e+00,2.000000000000000111e-01,5.774009666878932023e-01
2.192000000000000171e+02,1.039561585813730815e+00,1.000000000000000000e+00,5.000000000000000000e+00,2.000000000000000111e-01,-5.148469738493314907e+00
2.194000000000000057e+02,1.016549305248656498e+00,1.000000000000000000e+00,5.000000000000000000e+00,2.000000000000000111e-01,-7.027434058130108241e+00
2.196000000000000227e+02,9.834863680375574013e-01,1.000000000000000000e+00,5.000000000000000000e+00,2.000000000000000111e-01,7.078603558056535405e-01
2.198000000000000114e+02,1.039766290409734228e+00,1.000000000000000000e+00,5.000000000000000000e+00,2.000000000000000111e-01,-9.028005327219103648e+00
2.200000000000000000e+02,1.063007898739944057e+00,1.000000000000000000e+00,5.000000000000000000e+00,2.000000000000000111e-01,-2.177475535689974429e+00
2.202000000000000171e+02,9.977186525892158819e-01,1.000000000000000000e+00,5.000000000000000000e+00,2.000000000000000111e-01,8.406478373906733026e+00
2.204000000000000057e+02,8.944939811497122362e-01,1.000000000000000000e+00,5.000000000000000000e+00,2.000000000000000111e-01,-1.568106587120787765e-01
2.206000000000000227e+02,9.824090418667539293e-01,1.000000000000000000e+00,5.000000000000000000e+00,2.000000000000000111e-01,8.303977394973667714e+00
2.208000000000000114e+02,9.474921056929315188e-01,1.000000000000000000e+00,5.000000000000000000e+00,2.000000000000000111e-01,2.883875807957778648e+00
2.210000000000000000e+02,9.235522580680766147e-01,1.000000000000000000e+00,5.000000000000000000e+00,2.000000000000000111e-01,9.109384203226273513e+00
2.212000000000000171e+02,1.141275144181662204e+00,1.000000000000000000e+00,5.000000000000000000e+00,2.000000000000000111e-01,-3.595443400149549440e+00
2.214000000000000057e+02,1.028711929848542983e+00,1.000000000000000000e+00,5.000000000000000000e+00,2.000000000000000111e-01,6.444492172709963995e+00
2.216000000000000227e+02,9.486787205515110344e-01,1.000000000000000000e+00,5.000000000000000000e+00,2.000000000000000111e-01,3.706901743318191222e+00
2.218000000000000114e+02,8.983924360294957001e-01,1.000000000000000000e+00,5.000000000000000000e+00,2.000000000000000111e-01,-1.800977026463609576e+00
2.220000000000000000e+02,1.072062907174262891e+00,1.000000000000000000e+00,5.000000000000000000e+00,2.000000000000000111e-01,9.150448046321344009e+00
2.222000000000000171e+02,8.898712958247378957e-01,1.000000000000000000e+00,5.000000000000000000e+00,2.000000000000000111e-01,9.347768307080851713e+00
2.224000000000000057e+02,1.019302006000265770e+00,1.000000000000000000e+00,5.000000000000000000e+00,2.000000000000000111e-01,8.938202368191660696e+00
2.226000000000000227e+02,1.052048691442989403e+00,1.000000000000000000e+00,5.000000000000000000e+00,2.000000000000000111e-01,-5.690390638134590340e+00
2.228000000000000114e+02,8.930620292614184219e-01,1.000000000000000000e+00,5.000000000000000000e+00,2.000000000000000111e-01,8.021799486180039906e+00
2.230000000000000000e+02,1.104629956087286313e+00,1.000000000000000000e+00,5.000000000000000000e+00,2.000000000000000111e-01,-2.534587239903975942e+00
2.232000000000000171e+02,1.012302660143350241e+00,1.000000000000000000e+00,5.000000000000000000e+00,2.000000000000000111e-01,-4.042966886962224393e+00
2.234000000000000057e+02,9.954145402216166838e-01,1.000000000000000000e+00,5.000000000000000000e+00,2.000000000000000111e-01,-8.309456135090158568e-01
2.236000000000000227e+02,1.057925556759935493e+00,1.000000000000000000e+00,5.000000000000000000e+00,2.000000000000000111e-01,-5.500946291943074051e+00
2.238000000000000114e+02,9.722820055658781824e-01,1.000000000000000000e+00,5.000000000000000000e+00,2.000000000000000111e-01,8.523112885759893231e+00
2.240000000000000000e+02,1.128934709924162005e+00,1.000000000000000000e+00,5.000000000000000000e+00,2.000000000000000111e-01,-3.590758653527319488e+00
2.242000000000000171e+02,1.028163308176079482e+00,1.000000000000000000e+00,5.000000000000000000e+00,2.000000000000000111e-01,6.440604869705733648e+00
2.244000000000000057e+02,9.393189351198193426e-01,1.000000000000000000e+00,5.000000000000000000e+00,2.000000000000000111e-01,-8.846132430343152109e+00
2.246000000000000227e+02,8.341295083686280920e-01,1.000000000000000000e+00,5.000000000000000000e+00,2.000000000000000111e-01,-9.020112197729943659e+00
2.248000000000000114e+02,1.019721986952470738e+00,1.000000000000000000e+00,5.000000000000000000e+00,2.000000000000000111e-01,9.701592484457254528e+00
2.250000000000000000e+02,1.043368099049209352e+00,1.000000000000000000e+00,5.000000000000000000e+00,2.000000000000000111e-01,4.363413814861923257e+00
2.252000000000000171e+02,9.797342769883338187e-01,1.000000000000000000e+00,5.000000000000000000e+00,2.000000000000000111e-01,9.158765530356703266e+00
2.254000000000000057e+02,1.169206517977804172e+00,1.000000000000000000e+00,5.000000000000000000e+00,2.000000000000000111e-01,-9.418457350036838704e+00
2.256000000000000227e+02,9.875780641668661097e-01,1.000000000000000000e+00,5.000000000000000000e+00,2.000000000000000111e-01,-5.918163072186111151e-01
2.258000000000000114e+02,9.408026763041890117e-01,1.000000000000000000e+00,5.000000000000000000e+00,2.000000000000000111e-01,-3.030629612961865504e+00
2.260000000000000000e+02,9.610079105883875261e-01,1.000000000000000000e+00,5.000000000000000000e+00,2.000000000000000111e-01,6.083797512829036691e-02
2.262000000000000171e+02,9.480195123578569749e-01,1.000000000000000000e+00,5.000000000000000000e+00,2.000000000000000111e-01,6.183277519708877179e+00
2.264000000000000057e+02,9.890396803638733525e-01,1.000000000000000000e+00,5.000000000000000000e+00,2.000000000000000111e-01,4.030057776110758994e+00
2.266000000000000227e+02,1.143086843198681812e+00,1.000000000000000000e+00,5.000000000000000000e+00,2.000000000000000111e-01,-1.837275504100848167e-01
2.268000000000000114e+02,1.080672627724378332e+00,1.000000000000000000e+00,5.000000000000000000e+00,2.000000000000000111e-01,-6.628811832198689302e+00
2.270000000000000000e+02,1.020080084914781970e+00,1.000000000000000000e+00,5.000000000000000000e+00,2.000000000000000111e-01,4.622548322550558808e+00
2.272000000000000171e+02,1.052872702398214289e+00,1.000000000000000000e+00,5.000000000000000000e+00,2.000000000000000111e-01,-7.520190211288380056e-01
2.274000000000000057e+02,1.104872331872047031e+00,1.000000000000000000e+00,5.000000000000000000e+00,2.000000000000000111e-01,2.125279717994811080e+00
2.276000000000000227e+02,1.001074378767271789e+00,1.000000000000000000e+00,5.000000000000000000e+00,2.000000000000000111e-01,-9.349872704314067917e+00
2.278000000000000114e+02,9.948980293919994500e-01,1.000000000000000000e+00,5.000000000000000000e+00,2.000000000000000111e-01,-3.340646281729693357e-01
2.280000000000000000e+02,9.400054951304130935e-01,1.000000000000000000e+00,5.000000000000000000e+00,2.000000000000000111e-01,-4.705850118505006563e+00
2.282000000000000171e+02,1.106766983837550899e+00,1.000000000000000000e+00,5.000000000000000000e+00,2.000000000000000111e-01,-7.796004559496408248e+00
2.284000000000000057e+02,1.073531687790881373e+00,1.000000000000000000e+00,5.000000000000000000e+00,2.000000000000000111e-01,-6.790797224103151564e+00
2.286000000000000227e+02,8.844986022377467894e-01,1.000000000000000000e+00,5.000000000000000000e+00,2.000000000000000111e-01,6.113796735467751375e+00
2.288000000000000114e+02,1.005577834645892787e+00,1.000000000000000000e+00,5.000000000000000000e+00,2.000000000000000111e-01,3.056521132333164914e+00
2.290000000000000000e+02,9.512860059974074245e-01,1.000000000000000000e+00,5.000000000000000000e+00,2.000000000000000111e-01,5.680845620152709330e+00
2.292000000000000171e+02,9.970565558702870756e-01,1.000000000000000000e+00,5.000000000000000000e+00,2.000000000000000111e-01,-6.409343357603574098e+00
2.294000000000000057e+02,9.744649282230607445e-01,1.000000000000000000e+00,5.000000000000000000e+00,2.000000000000000111e-01,4.669905389714465116e+00
2.296000000000000227e+02,1.058517545958866490e+00,1.000000000000000000e+00,5.000000000000000000e+00,2.000000000000000111e-01,5.346612402426668353e+00
2.298000000000000114e+02,1.035395312016757607e+00,1.000000000000000000e+00,5.000000000000000000e+00,2.000000000000000111e-01,-4.522764623029200237e+00
2.300000000000000000e+02,1.020868915665344323e+00,1.000000000000000000e+00,5.000000000000000000e+00,2.000000000000000111e-01,-3.494726068731052848e+00
2.302000000000000171e+02,9.099813397713059082e-01,1.000000000000000000e+00,5.000000000000000000e+00,2.000000000000000111e-01,-1.717206791263157228e+00
2.304000000000000057e+02,1.014060683867838986e+00,1.000000000000000000e+00,5.000000000000000000e+00,2.000000000000000111e-01,6.486448684937062836e-01
2.306000000000000227e+02,1.014441790511116492e+00,1.000000000000000000e+00,5.000000000000000000e+00,2.000000000000000111e-01,4.167392332427599655e-01
2.308000000000000114e+02,1.014633618722589059e+00,1.000000000000000000e+00,5.000000000000000000e+00,2.000000000000000111e-01,6.907957664989915259e+00
2.310000000000000000e+02,1.098556901537111941e+00,1.000000000000000000e+00,5.000000000000000000e+00,2.000000000000000111e-01,9.564752467382636070e+00
2.312000000000000171e+02,1.025761224433784813e+00,1.000000000000000000e+00,5.000000000000000000e+00,2.000000000000000111e-01,-4.053097675448471549e+00
2.314000000000000057e+02,9.586892784816756219e-01,1.000000000000000000e+00,5.000000000000000000e+00,2.000000000000000111e-01,9.004928221514710174e+00
2.316000000000000227e+02,9.658251166368556628e-01,1.000000000000000000e+00,5.000000000000000000e+00,2.000000000000000111e-01,-8.703588852932512054e+00
2.318000000000000114e+02,7.359449361881182927e-01,1.000000000000000000e+00,5.000000000000000000e+00,2.000000000000000111e-01,9.073382570236631750e+00
2.320000000000000000e+02,1.070147031914011837e+00,1.000000000000000000e+00,5.000000000000000000e+00,2.000000000000000111e-01,-4.373156312184589112e+00
2.322000000000000171e+02,9.962511406910692369e-01,1.000000000000000000e+00,5.000000000000000000e+00,2.000000000000000111e-01,-9.009754274973962751e+00
2.324000000000000057e+02,8.869141406881850820e-01,1.000000000000000000e+00,5.000000000000000000e+00,2.000000000000000111e-01,2.052931420272006591e+00
2.326000000000000227e+02,9.946709060175737971e-01,1.000000000000000000e+00,5.000000000000000000e+00,2.000000000000000111e-01,-3.182856824092397119e+00
2.328000000000000114e+02,1.074605914540883056e+00,1.000000000000000000e+00,5.000000000000000000e+00,2.000000000000000111e-01,5.584009593066420862e+00
2.330000000000000000e+02,9.116432561926901545e-01,1.000000000000000000e+00,5.000000000000000000e+00,2.000000000000000111e-01,-1.594194897957549983e+00
2.332000000000000171e+02,1.059914017300516598e+00,1.000000000000000000e+00,5.000000000000000000e+00,2.000000000000000111e-01,1.192915202128848051e-01
2.334000000000000057e+02,9.718732005196377699e-01,9.000000000000000222e-01,5.000000000000000000e+00,2.000000000000000111e-01,4.753855354540981182e+00
2.336000000000000227e+02,7.858726470001321518e-01,9.000000000000000222e-01,5.000000000000000000e+00,2.000000000000000111e-01,-7.605682850580929966e+00
2.338000000000000114e+02,9.434035332980520439e-01,9.000000000000000222e-01,5.000000000000000000e+00,2.000000000000000111e-01,7.007022333572532347e-01
2.340000000000000000e+02,8.437492454299830857e-01,9.000000000000000222e-01,5.000000000000000000e+00,2.000000000000000111e-01,-4.392016205328282297e+00
2.342000000000000171e+02,8.349086419203917142e-01,9.000000000000000222e-01,5.000000000000000000e+00,2.000000000000000111e-01,9.014130497612754311e+00
2.344000000000000057e+02,9.575500643387759858e-01,9.000000000000000222e-01,5.000000000000000000e+00,2.000000000000000111e-01,-7.704345865899782098e+00
2.346000000000000227e+02,1.003275559198467670e+00,9.000000000000000222e-01,5.000000000000000000e+00,2.000000000000000111e-01,-6.043190706379006905e+00
2.348000000000000114e+02,1.003288418155215300e+00,9.000000000000000222e-01,5.000000000000000000e+00,2.000000000000000111e-01,-8.443694126836591707e+00
2.350000000000000000e+02,9.841398670662624415e-01,1.000000000000000000e+00,5.000000000000000000e+00,2.000000000000000111e-01,4.042669580821851127e+00
2.352000000000000171e+02,8.089110324456693091e-01,1.000000000000000000e+00,5.000000000000000000e+00,2.000000000000000111e-01,9.513729779224721739e+00
2.354000000000000057e+02,9.877447632373195230e-01,1.000000000000000000e+00,5.000000000000000000e+00,2.000000000000000111e-01,-9.042699847611814334e+00
2.356000000000000227e+02,1.028281753740696747e+00,1.000000000000000000e+00,5.000000000000000000e+00,2.000000000000000111e-01,-9.417087840432481372e+00
2.358000000000000114e+02,1.026697536204462358e+00,1.000000000000000000e+00,5.000000000000000000e+00,2.000000000000000111e-01,4.999878706016193775e+00
2.360000000000000000e+02,9.041768744544033121e-01,1.000000000000000000e+00,5.000000000000000000e+00,2.000000000000000111e-01,-3.506249911508154682e+00
2.362000000000000171e+02,1.220653369854484360e+00,1.000000000000000000e+00,5.000000000000000000e+00,2.000000000000000111e-01,-7.630551975137751519e+00
2.364000000000000057e+02,8.107497077744625358e-01,1.000000000000000000e+00,5.000000000000000000e+00,2.000000000000000111e-01,-2.739526396615755033e+00
2.366000000000000227e+02,1.069463613507105837e+00,1.000000000000000000e+00,5.000000000000000000e+00,2.000000000000000111e-01,-4.118949693418494817e+00
2.368000000000000114e+02,1.000848752811379416e+00,1.000000000000000000e+00,5.000000000000000000e+00,2.000000000000000111e-01,5.903960521149304697e+00
2.370000000000000000e+02,8.427768207312298365e-01,1.000000000000000000e+00,5.000000000000000000e+00,2.000000000000000111e-01,-8.864452511106183152e+00
2.372000000000000171e+02,1.042940366796633933e+00,1.000000000000000000e+00,5.000000000000000000e+00,2.000000000000000111e-01,5.375641132101536712e+00
2.374000000000000057e+02,1.031669992162255634e+00,1.000000000000000000e+00,5.000000000000000000e+00,2.000000000000000111e-01,5.990041706441964209e+00
2.376000000000000227e+02,8.775829145851707924e-01,1.000000000000000000e+00,5.000000000000000000e+00,2.000000000000000111e-01,-5.080492385995079019e-01
2.378000000000000114e+02,1.090609708013732249e+00,1.000000000000000000e+00,5.000000000000000000e+00,2.000000000000000111e-01,-5.312510051052279358e+00
2.380000000000000000e+02,9.268788226327183688e-01,1.000000000000000000e+00,5.000000000000000000e+00,2.000000000000000111e-01,7.784084282694195167e+00
2.382000000000000171e+02,9.444311197453933993e-01,1.000000000000000000e+00,5.000000000000000000e+00,2.000000000000000111e-01,4.673231214193025451e+00
2.384000000000000057e+02,1.016549123817360512e+00,1.000000000000000000e+00,5.000000000000000000e+00,2.000000000000000111e-01,-1.917765562145202551e+00
2.386000000000000227e+02,9.932722300227564416e-01,1.000000000000000000e+00,5.000000000000000000e+00,2.000000000000000111e-01,9.040446757376617626e+00
2.388000000000000114e+02,9.811102110244478425e-01,1.000000000000000000e+00,5.000000000000000000e+00,2.000000000000000111e-01,-6.609340495597349374e+00
2.390000000000000000e+02,1.139097517420899708e+00,1.000000000000000000e+00,5.000000000000000000e+00,2.000000000000000111e-01,5.010938956138597078e+00
2.392000000000000171e+02,9.309120075816591511e-01,1.000000000000000000e+00,5.000000000000000000e+00,2.000000000000000111e-01,7.920814584093808008e+00
2.394000000000000057e+02,1.028158811719348087e+00,1.000000000000000000e+00,5.000000000000000000e+00,2.000000000000000111e-01,-6.108137952351812672e+00
2.396000000000000227e+02,1.103499609425578898e+00,1.000000000000000000e+00,5.000000000000000000e+00,2.000000000000000111e-01,-7.278837126160880189e+00
2.398000000000000114e+02,1.077030706717416741e+00,1.000000000000000000e+00,5.000000000000000000e+00,2.000000000000000111e-01,-2.961422630620345053e+00
2.400000000000000000e+02,9.648502275041513920e-01,1.000000000000000000e+00,5.000000000000000000e+00,2.000000000000000111e-01,-7.961023174367058530e+00
2.402000000000000171e+02,9.878882847533421163e-01,1.100000000000000089e+00,5.000000000000000000e+00,2.000000000000000111e-01,-2.340439550855144546e-01
2.404000000000000057e+02,1.206579564594171039e+00,1.100000000000000089e+00,5.000000000000000000e+00,2.000000000000000111e-01,1.244589087109826409e-01
2.406000000000000227e+02,1.107909986287572979e+00,1.100000000000000089e+00,5.000000000000000000e+00,2.000000000000000111e-01,7.652672789840437417e+00
2.408000000000000114e+02,1.008991811866396304e+00,1.100000000000000089e+00,5.000000000000000000e+00,2.000000000000000111e-01,-6.881212882369924344e+00
2.410000000000000000e+02,9.576434267351353613e-01,1.100000000000000089e+00,5.000000000000000000e+00,2.000000000000000111e-01,-1.559710307556468223e+00
2.412000000000000171e+02,1.225973295166765009e+00,1.100000000000000089e+00,5.000000000000000000e+00,2.000000000000000111e-01,-3.661563624222264224e+00
2.414000000000000057e+02,1.059416354045049635e+00,1.100000000000000089e+00,5.000000000000000000e+00,2.000000000000000111e-01,-1.427046768849820069e-01
2.416000000000000227e+02,1.171952497825267336e+00,1.100000000000000089e+00,5.000000000000000000e+00,2.000000000000000111e-01,6.807425888929628854e+00
2.418000000000000114e+02,1.125535169987908590e+00,1.100000000000000089e+00,5.000000000000000000e+00,2.000000000000000111e-01,-6.080886893450061947e+00
2.420000000000000000e+02,1.008940257438471155e+00,1.100000000000000089e+00,5.000000000000000000e+00,2.000000000000000111e-01,9.077188584749723788e+00
2.422000000000000171e+02,9.208698435180917574e-01,1.100000000000000089e+00,5.000000000000000000e+00,2.000000000000000111e-01,-1.967203276346030094e+00
2.424000000000000057e+02,1.144361059372871470e+00,1.100000000000000089e+00,5.000000000000000000e+00,2.000000000000000111e-01,-5.519141626534748823e+00
2.426000000000000227e+02,1.202326387950840125e+00,1.100000000000000089e+00,5.000000000000000000e+00,2.000000000000000111e-01,-5.068342717551448828e+00
2.428000000000000114e+02,1.113247575428177649e+00,1.100000000000000089e+00,5.000000000000000000e+00,2.000000000000000111e-01,-8.013767677297442660e+00
2.430000000000000000e+02,1.037363078634049307e+00,1.100000000000000089e+00,5.000000000000000000e+00,2.000000000000000111e-01,-1.863514401147225996e+00
2.432000000000000171e+02,1.130908271687172117e+00,1.100000000000000089e+00,5.000000000000000000e+00,2.000000000000000111e-01,-8.598169287238999203e-01
2.434000000000000057e+02,1.098964833804591423e+00,1.100000000000000089e+00,5.000000000000000000e+00,2.000000000000000111e-01,-2.212953787463098898e+00
2.436000000000000227e+02,1.137587516438735236e+00,1.100000000000000089e+00,5.000000000000000000e+00,2.000000000000000111e-01,-2.984699235971168818e+00
2.438000000000000114e+02,1.009532693307116258e+00,1.100000000000000089e+00,5.000000000000000000e+00,2.000000000000000111e-01,-3.614037807710584360e+00
2.440000000000000000e+02,9.867953484892202365e-01,1.100000000000000089e+00,5.000000000000000000e+00,2.000000000000000111e-01,3.166796579947707357e+00
2.442000000000000171e+02,1.113549313233995974e+00,1.100000000000000089e+00,5.000000000000000000e+00,2.000000000000000111e-01,3.877554584759204559e+00
2.444000000000000057e+02,1.115293496080159485e+00,1.100000000000000089e+00,5.000000000000000000e+00,2.000000000000000111e-01,-2.066671479591031257e+00
2.446000000000000227e+02,1.124273636281729383e+00,1.100000000000000089e+00,5.000000000000000000e+00,2.000000000000000111e-01,3.001263164315874477e+00
2.448000000000000114e+02,1.161662051784509098e+00,1.100000000000000089e+00,5.000000000000000000e+00,2.000000000000000111e-01,3.632394965348652249e+00
2.450000000000000000e+02,1.093627254164254214e+00,1.100000000000000089e+00,5.000000000000000000e+00,2.000000000000000111e-01,5.338421754947564324e+00
2.452000000000000171e+02,1.023675700682848522e+00,1.100000000000000089e+00,5.000000000000000000e+00,2.000000000000000111e-01,4.533478259097856622e+00
2.454000000000000057e+02,9.595025022842857965e-01,1.100000000000000089e+00,5.000000000000000000e+00,2.000000000000000111e-01,2.072301859428101523e+00
2.456000000000000227e+02,1.082151337985570061e+00,1.100000000000000089e+00,5.000000000000000000e+00,2.000000000000000111e-01,-6.502542317429533369e+00
2.458000000000000114e+02,1.103730771070202676e+00,1.100000000000000089e+00,5.000000000000000000e+00,2.000000000000000111e-01,2.172950901195241258e+00
2.460000000000000000e+02,1.079289122995765959e+00,1.100000000000000089e+00,5.000000000000000000e+00,2.000000000000000111e-01,6.883938339589839472e+00
2.462000000000000171e+02,1.176091957429576063e+00,1.100000000000000089e+00,5.000000000000000000e+00,2.000000000000000111e-01,-6.120476016085647508e+00
2.464000000000000057e+02,1.169163695686532778e+00,1.100000000000000089e+00,5.000000000000000000e+00,2.000000000000000111e-01,-4.057444217105643958e+00
2.466000000000000227e+02,1.121914303460573636e+00,1.100000000000000089e+00,5.000000000000000000e+00,2.000000000000000111e-01,6.811320111518881504e-01
2.468000000000000114e+02,1.047897134254502927e+00,1.100000000000000089e+00,5.000000000000000000e+00,2.000000000000000111e-01,-2.214248775440117001e+00
2.470000000000000000e+02,1.170084590853793127e+00,1.100000000000000089e+00,5.000000000000000000e+00,2.000000000000000111e-01,-5.605475889952287183e+00
2.472000000000000171e+02,1.154418179871111061e+00,1.100000000000000089e+00,5.000000000000000000e+00,2.000000000000000111e-01,-4.039943915236261063e+00
2.474000000000000057e+02,1.131665745752497010e+00,1.100000000000000089e+00,5.000000000000000000e+00,2.000000000000000111e-01,-2.424972895511688264e+00
2.476000000000000227e+02,1.191507686226030760e+00,1.100000000000000089e+00,5.000000000000000000e+00,2.000000000000000111e-01,3.547784289616300768e+00
2.478000000000000114e+02,9.650407751328814454e-01,1.000000000000000000e+00,5.000000000000000000e+00,2.000000000000000111e-01,1.953974533980231243e+00
2.480000000000000000e+02,8.345234399546362924e-01,1.000000000000000000e+00,5.000000000000000000e+00,2.000000000000000111e-01,-7.613887390414239675e+00
2.482000000000000171e+02,9.838228336352528025e-01,1.000000000000000000e+00,5.000000000000000000e+00,2.000000000000000111e-01,-3.825767160151105628e+00
2.484000000000000057e+02,9.347718021958444368e-01,1.000000000000000000e+00,5.000000000000000000e+00,2.000000000000000111e-01,1.856378574133152881e+00
2.486000000000000227e+02,9.769180217388074849e-01,1.000000000000000000e+00,5.000000000000000000e+00,2.000000000000000111e-01,2.448926318686000414e+00
2.488000000000000114e+02,9.587632253350200084e-01,1.000000000000000000e+00,5.000000000000000000e+00,2.000000000000000111e-01,4.402098423630356194e+00
2.490000000000000000e+02,1.028755730572689764e+00,1.000000000000000000e+00,5.000000000000000000e+00,2.000000000000000111e-01,-2.074890000045854777e+00
2.492000000000000171e+02,8.873572208326482302e-01,1.000000000000000000e+00,5.000000000000000000e+00,2.000000000000000111e-01,3.016066147418463572e+00
2.494000000000000057e+02,1.119705425001434218e+00,1.000000000000000000e+00,5.000000000000000000e+00,2.000000000000000111e-01,-8.959931157971759319e+00
2.496000000000000227e+02,9.751629998340375360e-01,1.000000000000000000e+00,5.000000000000000000e+00,2.000000000000000111e-01,-2.282408258592145245e+00
2.498000000000000114e+02,1.042683197388216909e+00,1.000000000000000000e+00,5.000000000000000000e+00,2.000000000000000111e-01,6.846442570362221147e+00
2.500000000000000000e+02,9.961407952534501176e-01,1.000000000000000000e+00,5.000000000000000000e+00,2.000000000000000111e-01,-2.693372990717186610e+00
2.502000000000000171e+02,9.625750848778502622e-01,1.000000000000000000e+00,5.000000000000000000e+00,2.000000000000000111e-01,-1.385558331074815186e+00
2.504000000000000057e+02,9.422990508259021514e-01,1.000000000000000000e+00,5.000000000000000000e+00,2.000000000000000111e-01,-3.540898142278621208e-01
2.506000000000000227e+02,9.966271750143211872e-01,1.000000000000000000e+00,5.000000000000000000e+00,2.000000000000000111e-01,-5.330904989145879291e+00
2.508000000000000114e+02,9.991322770422415012e-01,1.000000000000000000e+00,5.000000000000000000e+00,2.000000000000000111e-01,1.892023050850751176e+00
2.510000000000000000e+02,1.132947414958838550e+00,1.000000000000000000e+00,5.000000000000000000e+00,2.000000000000000111e-01,-5.110569484283069563e+00
2.512000000000000171e+02,9.449361773736930648e-01,1.000000000000000000e+00,5.000000000000000000e+00,2.000000000000000111e-01,6.908719579012362999e+00
2.514000000000000057e+02,9.013069901279338048e-01,1.000000000000000000e+00,5.000000000000000000e+00,2.000000000000000111e-01,8.350882526677199991e+00
2.516000000000000227e+02,1.093176728233326234e+00,1.000000000000000000e+00,5.000000000000000000e+00,2.000000000000000111e-01,-2.976366332137856396e+00
2.518000000000000114e+02,7.808337602106265596e-01,1.000000000000000000e+00,5.000000000000000000e+00,2.000000000000000111e-01,-4.555234035398640913e-01
2.520000000000000000e+02,9.384831077966875323e-01,1.000000000000000000e+00,5.000000000000000000e+00,2.000000000000000111e-01,-5.447421899545686230e+00
2.522000000000000171e+02,9.417461315631905361e-01,1.000000000000000000e+00,5.000000000000000000e+00,2.000000000000000111e-01,-7.996151481363038549e+00
2.524000000000000057e+02,9.108358762644651607e-01,1.000000000000000000e+00,5.000000000000000000e+00,2.000000000000000111e-01,1.372244501284027862e+00
2.526000000000000227e+02,9.440782880800242527e-01,1.000000000000000000e+00,5.000000000000000000e+00,2.000000000000000111e-01,-9.708404126349725161e+00
2.528000000000000114e+02,1.029598749936252888e+00,1.000000000000000000e+00,5.000000000000000000e+00,2.000000000000000111e-01,2.400355867426762657e+00
2.530000000000000000e+02,1.064274616076648972e+00,1.000000000000000000e+00,5.000000000000000000e+00,2.000000000000000111e-01,7.396645784546155511e+00
2.532000000000000171e+02,1.118755781480044398e+00,1.000000000000000000e+00,5.000000000000000000e+00,2.000000000000000111e-01,-4.121063878612199360e+00
2.534000000000000057e+02,1.085216140002656759e+00,1.000000000000000000e+00,5.000000000000000000e+00,2.000000000000000111e-01,6.862808206196440608e+00
2.536000000000000227e+02,1.037747692237685815e+00,1.000000000000000000e+00,5.000000000000000000e+00,2.000000000000000111e-01,-2.724876672486029605e+00
2.538000000000000114e+02,9.929405076413366782e-01,1.000000000000000000e+00,5.000000000000000000e+00,2.000000000000000111e-01,7.256129697315540028e+00
2.540000000000000000e+02,1.037453765266565187e+00,1.000000000000000000e+00,5.000000000000000000e+00,2.000000000000000111e-01,-8.404757198328416834e+00
2.542000000000000171e+02,1.106703441572977065e+00,1.000000000000000000e+00,5.000000000000000000e+00,2.000000000000000111e-01,-7.231274282910710838e+00
2.544000000000000057e+02,9.285759843815455383e-01,1.000000000000000000e+00,5.000000000000000000e+00,2.000000000000000111e-01,-2.715502099703828165e+00
2.546000000000000227e+02,9.053021049221041672e-01,1.000000000000000000e+00,5.000000000000000000e+00,2.000000000000000111e-01,-5.305082342903162385e+00
2.548000000000000114e+02,1.049398619551777490e+00,1.000000000000000000e+00,5.000000000000000000e+00,2.000000000000000111e-01,5.458005412679334256e-02
2.550000000000000000e+02,1.073589584821772691e+00,1.000000000000000000e+00,5.000000000000000000e+00,2.000000000000000111e-01,6.746174189259086518e-01
2.552000000000000171e+02,1.053839354867953659e+00,1.000000000000000000e+00,5.000000000000000000e+00,2.000000000000000111e-01,-5.066029861317272065e+00
2.554000000000000057e+02,1.102625802000380073e+00,1.000000000000000000e+00,5.000000000000000000e+00,2.000000000000000111e-01,2.228830821723626343e-01
2.556000000000000227e+02,1.009589135351966815e+00,1.000000000000000000e+00,5.000000000000000000e+00,2.000000000000000111e-01,9.805144204888410542e+00
2.558000000000000114e+02,1.022024522831874283e+00,1.000000000000000000e+00,5.000000000000000000e+00,2.000000000000000111e-01,2.582309783278697424e+00
2.560000000000000000e+02,1.085666073552019828e+00,1.000000000000000000e+00,5.000000000000000000e+00,2.000000000000000111e-01,2.456356188363479021e+00
2.561999999999999886e+02,9.838719199490241207e-01,1.000000000000000000e+00,5.000000000000000000e+00,2.000000000000000111e-01,5.724033293996541261e+00
2.564000000000000341e+02,9.058768833195511849e-01,1.000000000000000000e+00,5.000000000000000000e+00,2.000000000000000111e-01,1.727544099147213075e+00
2.566000000000000227e+02,1.129892101464586185e+00,1.000000000000000000e+00,5.000000000000000000e+00,2.000000000000000111e-01,-2.607198962764236683e-01
2.568000000000000114e+02,8.629064014850998943e-01,1.000000000000000000e+00,5.000000000000000000e+00,2.000000000000000111e-01,-3.328046258816779179e+00
2.570000000000000000e+02,9.491469771375340425e-01,1.000000000000000000e+00,5.000000000000000000e+00,2.000000000000000111e-01,-8.409414959618111141e-02
2.571999999999999886e+02,1.073845948031889375e+00,1.000000000000000000e+00,5.000000000000000000e+00,2.000000000000000111e-01,3.147395992532789677e+00
2.574000000000000341e+02,8.600636883778747244e-01,1.000000000000000000e+00,5.000000000000000000e+00,2.000000000000000111e-01,-5.133884863809661248e+00
2.576000000000000227e+02,9.816775321077592098e-01,1.000000000000000000e+00,5.000000000000000000e+00,2.000000000000000111e-01,3.976596932052592237e+00
2.578000000000000114e+02,9.631877265581709757e-01,1.000000000000000000e+00,5.000000000000000000e+00,2.000000000000000111e-01,4.886459695499976164e+00
2.580000000000000000e+02,1.078958980985580629e+00,1.000000000000000000e+00,5.000000000000000000e+00,2.000000000000000111e-01,7.460702366108304062e+00
2.581999999999999886e+02,9.365709400935995355e-01,1.000000000000000000e+00,5.000000000000000000e+00,2.000000000000000111e-01,3.320669265126854341e+00
2.584000000000000341e+02,1.033895111414026013e+00,1.000000000000000000e+00,5.000000000000000000e+00,2.000000000000000111e-01,4.161655902479914459e+00
2.586000000000000227e+02,1.081644048059734908e+00,1.000000000000000000e+00,5.000000000000000000e+00,2.000000000000000111e-01,-9.065798541588280912e+00
2.588000000000000114e+02,9.775263082612515309e-01,1.000000000000000000e+00,5.000000000000000000e+00,2.000000000000000111e-01,-2.205331026730803501e+00
2.590000000000000000e+02,9.778802493746487912e-01,1.000000000000000000e+00,5.000000000000000000e+00,2.000000000000000111e-01,4.587577671423133552e+00
2.591999999999999886e+02,8.988282031949079709e-01,1.000000000000000000e+00,5.000000000000000000e+00,2.000000000000000111e-01,8.371011930218891450e+00
2.594000000000000341e+02,1.089204273811314350e+00,1.000000000000000000e+00,5.000000000000000000e+00,2.000000000000000111e-01,2.272752770309622861e+00
2.596000000000000227e+02,9.312486132094425217e-01,1.000000000000000000e+00,5.000000000000000000e+00,2.000000000000000111e-01,-1.213769539910353856e+00
2.598000000000000114e+02,1.059224721076333253e+00,1.000000000000000000e+00,5.000000000000000000e+00,2.000000000000000111e-01,-8.170364650329934975e+00
2.600000000000000000e+02,9.005714470340470124e-01,1.000000000000000000e+00,5.000000000000000000e+00,2.000000000000000111e-01,6.890797066022763318e+00
2.601999999999999886e+02,9.237842155754607543e-01,1.000000000000000000e+00,5.000000000000000000e+00,2.000000000000000111e-01,2.468603508195029050e+00
2.604000000000000341e+02,1.057689408179654622e+00,1.000000000000000000e+00,5.000000000000000000e+00,2.000000000000000111e-01,-6.894946331285645158e-01
2.606000000000000227e+02,1.105228800142487477e+00,1.000000000000000000e+00,5.000000000000000000e+00,2.000000000000000111e-01,-9.384880674885536678e+00
2.608000000000000114e+02,9.212545183329176046e-01,1.000000000000000000e+00,5.000000000000000000e+00,2.000000000000000111e-01,-8.753158128274003857e+00
2.610000000000000000e+02,9.751907888034345717e-01,1.000000000000000000e+00,5.000000000000000000e+00,2.000000000000000111e-01,-4.967464818736379684e+00
2.611999999999999886e+02,1.171316134773591422e+00,1.000000000000000000e+00,5.000000000000000000e+00,2.000000000000000111e-01,-1.746205114547159098e+00
2.614000000000000341e+02,7.569775802500519069e-01,1.000000000000000000e+00,5.000000000000000000e+00,2.000000000000000111e-01,-7.830039758052698140e+00
2.616000000000000227e+02,1.136199883943856292e+00,1.000000000000000000e+00,5.000000000000000000e+00,2.000000000000000111e-01,2.792616902088745690e+00
2.618000000000000114e+02,1.090715498169215092e+00,1.000000000000000000e+00,5.000000000000000000e+00,2.000000000000000111e-01,3.663544578284428255e+00
2.620000000000000000e+02,1.159162394041242106e+00,1.000000000000000000e+00,5.000000000000000000e+00,2.000000000000000111e-01,-9.261543393135656999e+00
2.621999999999999886e+02,1.046738087812497220e+00,1.000000000000000000e+00,5.000000000000000000e+00,2.000000000000000111e-01,8.045421596158544020e+00
2.624000000000000341e+02,1.094155212572269997e+00,1.000000000000000000e+00,5.000000000000000000e+00,2.000000000000000111e-01,-3.355327392658134400e+00
2.626000000000000227e+02,9.209051523092526281e-01,1.000000000000000000e+00,5.000000000000000000e+00,2.000000000000000111e-01,5.642771001985009249e+00
2.628000000000000114e+02,1.158404353991896674e+00,1.000000000000000000e+00,5.000000000000000000e+00,2.000000000000000111e-01,-2.895409589539230666e+00
2.630000000000000000e+02,1.056198478544744468e+00,1.000000000000000000e+00,5.000000000000000000e+00,2.000000000000000111e-01,3.289759893140288938e+00
2.631999999999999886e+02,8.644760926571299908e-01,1.000000000000000000e+00,5.000000000000000000e+00,2.000000000000000111e-01,-4.801140103932304726e+00
2.634000000000000341e+02,1.081827494252504351e+00,1.000000000000000000e+00,5.000000000000000000e+00,2.000000000000000111e-01,-5.114878547317351476e+00
2.636000000000000227e+02,9.647252853339909340e-01,1.000000000000000000e+00,5.000000000000000000e+00,2.000000000000000111e-01,-4.270558176414017026e+00
2.638000000000000114e+02,1.207918074362020588e+00,1.000000000000000000e+00,5.000000000000000000e+00,2.000000000000000111e-01,1.665727220126234087e+00
2.640000000000000000e+02,9.784649011552453146e-01,1.000000000000000000e+00,5.000000000000000000e+00,2.000000000000000111e-01,2.205594347351658158e+00
2.641999999999999886e+02,1.048760713770698461e+00,1.000000000000000000e+00,5.000000000000000000e+00,2.000000000000000111e-01,-5.776159073689200341e+00
2.644000000000000341e+02,9.227699714993632396e-01,1.000000000000000000e+00,5.000000000000000000e+00,2.000000000000000111e-01,-4.812958843541306209e+00
2.646000000000000227e+02,9.274436362685113400e-01,1.000000000000000000e+00,5.000000000000000000e+00,2.000000000000000111e-01,-7.146259871289974974e+00
2.648000000000000114e+02,1.015847360344495964e+00,1.000000000000000000e+00,5.000000000000000000e+00,2.000000000000000111e-01,-6.261285310208966060e+00
2.650000000000000000e+02,9.124102240760606497e-01,1.000000000000000000e+00,5.000000000000000000e+00,2.000000000000000111e-01,5.533732265466742462e+00
2.651999999999999886e+02,9.402247222349455757e-01,1.000000000000000000e+00,5.000000000000000000e+00,2.000000000000000111e-01,9.675430022444810874e+00
2.654000000000000341e+02,8.551323331548649209e-01,9.000000000000000222e-01,5.000000000000000000e+00,2.000000000000000111e-01,-2.845067139307102977e+00
2.656000000000000227e+02,9.565139450361364037e-01,9.000000000000000222e-01,5.000000000000000000e+00,2.000000000000000111e-01,5.900111819792286383e-02
2.658000000000000114e+02,1.034710697173801375e+00,9.000000000000000222e-01,5.000000000000000000e+00,2.000000000000000111e-01,3.304637392044087463e+00
2.660000000000000000e+02,8.475117971249866988e-01,9.000000000000000222e-01,5.000000000000000000e+00,2.000000000000000111e-01,6.076880714344632395e+00
2.661999999999999886e+02,8.462649945539004737e-01,9.000000000000000222e-01,5.000000000000000000e+00,2.000000000000000111e-01,4.820774573637915950e+00
2.664000000000000341e+02,9.997105861370971791e-01,9.000000000000000222e-01,5.000000000000000000e+00,2.000000000000000111e-01,-9.178947576376256023e+00
2.666000000000000227e+02,9.221826989192042356e-01,9.000000000000000222e-01,5.000000000000000000e+00,2.000000000000000111e-01,-8.651897002659353575e+00
2.668000000000000114e+02,8.246647729687615058e-01,9.000000000000000222e-01,5.000000000000000000e+00,2.000000000000000111e-01,-6.312196958928913304e+00
2.670000000000000000e+02,8.159273596403325834e-01,9.000000000000000222e-01,5.000000000000000000e+00,2.000000000000000111e-01,-3.289906100572686398e+00
2.671999999999999886e+02,9.536245006342656261e-01,9.000000000000000222e-01,5.000000000000000000e+00,2.000000000000000111e-01,-2.683803857434354789e+00
2.674000000000000341e+02,9.844420985808616242e-01,9.000000000000000222e-01,5.000000000000000000e+00,2.000000000000000111e-01,-7.144942298277721093e+00
2.676000000000000227e+02,7.560955717834959566e-01,9.000000000000000222e-01,5.000000000000000000e+00,2.000000000000000111e-01,4.204409842019122934e+00
2.678000000000000114e+02,8.789742283813490875e-01,9.000000000000000222e-01,5.000000000000000000e+00,2.000000000000000111e-01,-3.802986000592929017e+00
2.680000000000000000e+02,1.085257368915189868e+00,1.100000000000000089e+00,5.000000000000000000e+00,2.000000000000000111e-01,-5.380773344144378356e+00
2.681999999999999886e+02,1.116745214395062913e+00,1.100000000000000089e+00,5.000000000000000000e+00,2.000000000000000111e-01,-1.989133296490258829e+00
2.684000000000000341e+02,1.117728139294057454e+00,1.100000000000000089e+00,5.000000000000000000e+00,2.000000000000000111e-01,-7.698501074428554247e+00
2.686000000000000227e+02,1.015883880923981852e+00,1.100000000000000089e+00,5.000000000000000000e+00,2.000000000000000111e-01,6.221320405806874732e+00
2.688000000000000114e+02,1.061039993420071825e+00,1.100000000000000089e+00,5.000000000000000000e+00,2.000000000000000111e-01,-5.790553202032226565e+00
2.690000000000000000e+02,1.133724097170921485e+00,1.100000000000000089e+00,5.000000000000000000e+00,2.000000000000000111e-01,5.491859096734767576e+00
2.691999999999999886e+02,1.236679695723904571e+00,1.100000000000000089e+00,5.000000000000000000e+00,2.000000000000000111e-01,2.449543097007184755e+00
2.694000000000000341e+02,1.241928856445035034e+00,1.100000000000000089e+00,5.000000000000000000e+00,2.000000000000000111e-01,2.063267027857449420e+00
2.696000000000000227e+02,1.114450936401059522e+00,1.100000000000000089e+00,5.000000000000000000e+00,2.000000000000000111e-01,-6.483336024528735919e+00
2.698000000000000114e+02,1.073008808849995166e+00,1.100000000000000089e+00,5.000000000000000000e+00,2.000000000000000111e-01,-9.433004653865424416e+00
2.700000000000000000e+02,7.629744486951909321e-01,9.000000000000000222e-01,5.000000000000000000e+00,2.000000000000000111e-01,-3.799199871229053116e+00
2.701999999999999886e+02,1.070179317823868326e+00,9.000000000000000222e-01,5.000000000000000000e+00,2.000000000000000111e-01,2.146762128348180809e+00
2.704000000000000341e+02,1.025868432548317388e+00,9.000000000000000222e-01,5.000000000000000000e+00,2.000000000000000111e-01,6.084810481502405111e+00
2.706000000000000227e+02,1.060654135721879276e+00,9.000000000000000222e-01,5.000000000000000000e+00,2.000000000000000111e-01,9.967418358422158065e+00
2.708000000000000114e+02,7.863165946252472782e-01,9.000000000000000222e-01,5.000000000000000000e+00,2.000000000000000111e-01,1.785867814171027135e+00
2.710000000000000000e+02,9.226737342730829683e-01,9.000000000000000222e-01,5.000000000000000000e+00,2.000000000000000111e-01,-4.042937853939139181e+00
2.711999999999999886e+02,1.025109929280612509e+00,9.000000000000000222e-01,5.000000000000000000e+00,2.000000000000000111e-01,7.045390208436952406e-01
2.714000000000000341e+02,8.826686481119112582e-01,9.000000000000000222e-01,5.000000000000000000e+00,2.000000000000000111e-01,-9.786449846903675365e+00
2.716000000000000227e+02,1.049184794790690045e+00,1.000000000000000000e+00,5.000000000000000000e+00,2.000000000000000111e-01,8.621949711940494865e+00
2.718000000000000114e+02,8.557405471971936128e-01,1.000000000000000000e+00,5.000000000000000000e+00,2.000000000000000111e-01,4.576372938002199575e+00
2.720000000000000000e+02,1.072849039007470306e+00,1.100000000000000089e+00,5.000000000000000000e+00,2.000000000000000111e-01,4.328261799775415142e+00
2.721999999999999886e+02,1.069251529566292103e+00,1.100000000000000089e+00,5.000000000000000000e+00,2.000000000000000111e-01,-5.619590248178503167e+00
2.724000000000000341e+02,1.094405857378854208e+00,1.100000000000000089e+00,5.000000000000000000e+00,2.000000000000000111e-01,8.589882234903651437e+00
2.726000000000000227e+02,1.218878147486802899e+00,1.100000000000000089e+00,5.000000000000000000e+00,2.000000000000000111e-01,8.285925452890761989e+00
2.728000000000000114e+02,9.842634098214224636e-01,1.100000000000000089e+00,5.000000000000000000e+00,2.000000000000000111e-01,9.794413664197506364e+00
2.730000000000000000e+02,9.110017249989973420e-01,1.000000000000000000e+00,5.000000000000000000e+00,2.000000000000000111e-01,8.469634554650955494e-01
2.731999999999999886e+02,9.564770118239901420e-01,1.000000000000000000e+00,5.000000000000000000e+00,2.000000000000000111e-01,-4.372078157112955665e+00
2.734000000000000341e+02,1.012332718713190527e+00,1.000000000000000000e+00,5.000000000000000000e+00,2.000000000000000111e-01,2.540221683042551248e+00
2.736000000000000227e+02,1.032003533809578322e+00,1.000000000000000000e+00,5.000000000000000000e+00,2.000000000000000111e-01,-7.957273973862779570e+00
2.738000000000000114e+02,1.200131067460295409e+00,1.000000000000000000e+00,5.000000000000000000e+00,2.000000000000000111e-01,-3.041656280456561667e+00
2.740000000000000000e+02,9.311266792767098899e-01,9.000000000000000222e-01,5.000000000000000000e+00,2.000000000000000111e-01,6.038723264896301401e+00
2.741999999999999886e+02,9.576343576783175049e-01,9.000000000000000222e-01,5.000000000000000000e+00,2.000000000000000111e-01,3.032003124447204101e+00
2.744000000000000341e+02,8.925798900075592179e-01,9.000000000000000222e-01,5.000000000000000000e+00,2.000000000000000111e-01,-6.648754953758029274e-01
2.746000000000000227e+02,8.985244386414835693e-01,9.000000000000000222e-01,5.000000000000000000e+00,2.000000000000000111e-01,-1.697163733046343381e+00
2.748000000000000114e+02,1.047915710817892476e+00,9.000000000000000222e-01,5.000000000000000000e+00,2.000000000000000111e-01,-2.301782733415381088e+00
2.750000000000000000e+02,8.645894053547640290e-01,9.000000000000000222e-01,5.000000000000000000e+00,2.000000000000000111e-01,2.563834194495697716e+00
2.751999999999999886e+02,8.802180634615522914e-01,9.000000000000000222e-01,5.000000000000000000e+00,2.000000000000000111e-01,-2.877348980086931185e+00
2.754000000000000341e+02,9.360726584851090104e-01,9.000000000000000222e-01,5.000000000000000000e+00,2.000000000000000111e-01,-4.751600189091038651e+00
2.756000000000000227e+02,9.316175553694844291e-01,9.000000000000000222e-01,5.000000000000000000e+00,2.000000000000000111e-01,-7.609633957746664734e+00
2.758000000000000114e+02,9.393098732028841713e-01,9.000000000000000222e-01,5.000000000000000000e+00,2.000000000000000111e-01,-8.499339476028026752e+00
2.760000000000000000e+02,1.066016120056382244e+00,9.000000000000000222e-01,5.000000000000000000e+00,2.000000000000000111e-01,8.805152303765662936e+00
2.761999999999999886e+02,9.397725190477647095e-01,9.000000000000000222e-01,5.000000000000000000e+00,2.000000000000000111e-01,-8.310318544754156989e+00
2.764000000000000341e+02,8.811385982479892354e-01,9.000000000000000222e-01,5.000000000000000000e+00,2.000000000000000111e-01,8.105061760344625554e+00
2.766000000000000227e+02,9.353767161008379460e-01,9.000000000000000222e-01,5.000000000000000000e+00,2.000000000000000111e-01,9.880509614591286294e+00
2.768000000000000114e+02,8.962058475796074175e-01,9.000000000000000222e-01,5.000000000000000000e+00,2.000000000000000111e-01,2.184327963480374279e+00
2.770000000000000000e+02,9.895622246923330145e-01,9.000000000000000222e-01,5.000000000000000000e+00,2.000000000000000111e-01,-9.374638823183818914e+00
2.771999999999999886e+02,6.344758957604509364e-01,9.000000000000000222e-01,5.000000000000000000e+00,2.000000000000000111e-01,-5.570442239755111657e+00
2.774000000000000341e+02,9.852147493379157517e-01,9.000000000000000222e-01,5.000000000000000000e+00,2.000000000000000111e-01,8.160879326258100974e+00
2.776000000000000227e+02,7.138731803865496772e-01,9.000000000000000222e-01,5.000000000000000000e+00,2.000000000000000111e-01,1.889874783309617001e+00
2.778000000000000114e+02,8.972550000922364655e-01,9.000000000000000222e-01,5.000000000000000000e+00,2.000000000000000111e-01,5.456692874059697829e+00
2.780000000000000000e+02,9.658285965785381455e-01,9.000000000000000222e-01,5.000000000000000000e+00,2.000000000000000111e-01,-6.741172206668526456e+00
2.781999999999999886e+02,8.205323822823036295e-01,9.000000000000000222e-01,5.000000000000000000e+00,2.000000000000000111e-01,-9.399070434383350658e+00
2.784000000000000341e+02,7.809328058119160421e-01,9.000000000000000222e-01,5.000000000000000000e+00,2.000000000000000111e-01,-6.661992410125101571e-01
2.786000000000000227e+02,8.824218198490328957e-01,9.000000000000000222e-01,5.000000000000000000e+00,2.000000000000000111e-01,-2.363630432134515402e+00
2.788000000000000114e+02,9.609044812091789289e-01,9.000000000000000222e-01,5.000000000000000000e+00,2.000000000000000111e-01,9.081923036084752709e+00
2.790000000000000000e+02,9.520137562405268650e-01,9.000000000000000222e-01,5.000000000000000000e+00,2.000000000000000111e-01,7.621766458645382158e+00
2.791999999999999886e+02,9.139867191376084277e-01,9.000000000000000222e-01,5.000000000000000000e+00,2.000000000000000111e-01,5.305160633285041172e+00
2.794000000000000341e+02,7.845826174606210790e-01,9.000000000000000222e-01,5.000000000000000000e+00,2.000000000000000111e-01,3.192245134174950039e+00
2.796000000000000227e+02,9.057583902617338811e-01,9.000000000000000222e-01,5.000000000000000000e+00,2.000000000000000111e-01,-9.905174141961289536e+00
2.798000000000000114e+02,8.083346489942025981e-01,9.000000000000000222e-01,5.000000000000000000e+00,2.000000000000000111e-01,-5.218071074535934883e-01
2.800000000000000000e+02,9.178887789923426688e-01,9.000000000000000222e-01,5.000000000000000000e+00,2.000000000000000111e-01,9.837839860481981447e+00
2.801999999999999886e+02,7.709707717120078962e-01,9.000000000000000222e-01,5.000000000000000000e+00,2.000000000000000111e-01,3.849977847735656766e+00
2.804000000000000341e+02,1.034989672670485916e+00,9.000000000000000222e-01,5.000000000000000000e+00,2.000000000000000111e-01,-1.314826190425630870e+00
2.806000000000000227e+02,1.016391171095131885e+00,9.000000000000000222e-01,5.000000000000000000e+00,2.000000000000000111e-01,3.311435046592734466e+00
2.808000000000000114e+02,8.677603484937090883e-01,9.000000000000000222e-01,5.000000000000000000e+00,2.000000000000000111e-01,-1.344045834964653352e-01
2.810000000000000000e+02,8.349311581579560437e-01,9.000000000000000222e-01,5.000000000000000000e+00,2.000000000000000111e-01,9.050893536194099198e+00
2.811999999999999886e+02,1.030228565771128979e+00,9.000000000000000222e-01,5.000000000000000000e+00,2.000000000000000111e-01,7.792530074758197145e+00
2.814000000000000341e+02,9.301735442141068066e-01,9.000000000000000222e-01,5.000000000000000000e+00,2.000000000000000111e-01,-7.338324052136419695e+00
2.816000000000000227e+02,8.838954073203639794e-01,9.000000000000000222e-01,5.000000000000000000e+00,2.000000000000000111e-01,-7.250103565717383347e+00
2.818000000000000114e+02,8.055703299969551034e-01,9.000000000000000222e-01,5.000000000000000000e+00,2.000000000000000111e-01,-1.045937569340429363e+00
2.820000000000000000e+02,9.685845555503713733e-01,9.000000000000000222e-01,5.000000000000000000e+00,2.000000000000000111e-01,-2.000346004814829826e+00
2.821999999999999886e+02,9.480049023075362014e-01,9.000000000000000222e-01,5.000000000000000000e+00,2.000000000000000111e-01,6.996943230646170520e+00
2.824000000000000341e+02,7.837449440924696420e-01,9.000000000000000222e-01,5.000000000000000000e+00,2.000000000000000111e-01,1.830880492817321681e-01
2.826000000000000227e+02,9.689450912862402898e-01,9.000000000000000222e-01,5.000000000000000000e+00,2.000000000000000111e-01,3.909367773046543704e+00
2.828000000000000114e+02,1.011127701984596783e+00,9.000000000000000222e-01,5.000000000000000000e+00,2.000000000000000111e-01,-2.168573923626830435e+00
2.830000000000000000e+02,8.955306261095804521e-01,9.000000000000000222e-01,5.000000000000000000e+00,2.000000000000000111e-01,-6.943975433238778194e+00
2.831999999999999886e+02,9.156833798971417693e-01,9.000000000000000222e-01,5.000000000000000000e+00,2.000000000000000111e-01,2.616714046056440424e+00
2.834000000000000341e+02,8.298725083523443846e-01,9.000000000000000222e-01,5.000000000000000000e+00,2.000000000000000111e-01,7.987055742851289608e+00
2.836000000000000227e+02,8.946394840103042423e-01,9.000000000000000222e-01,5.000000000000000000e+00,2.000000000000000111e-01,6.171841145255932304e+00
2.838000000000000114e+02,9.870123914784939556e-01,9.000000000000000222e-01,5.000000000000000000e+00,2.000000000000000111e-01,-6.841337142663412862e-01
2.840000000000000000e+02,8.392566263564988915e-01,9.000000000000000222e-01,5.000000000000000000e+00,2.000000000000000111e-01,-2.111077281336939393e+00
2.841999999999999886e+02,9.103446810965954983e-01,9.000000000000000222e-01,5.000000000000000000e+00,2.000000000000000111e-01,-9.480767014512952784e+00
2.844000000000000341e+02,9.514946667836177152e-01,9.000000000000000222e-01,5.000000000000000000e+00,2.000000000000000111e-01,1.436339442787836873e+00
2.846000000000000227e+02,8.489108901041657607e-01,9.000000000000000222e-01,5.000000000000000000e+00,2.000000000000000111e-01,-4.584188445342376461e+00
2.848000000000000114e+02,9.487231052015494548e-01,9.000000000000000222e-01,5.000000000000000000e+00,2.000000000000000111e-01,8.201934518237653293e+00
2.850000000000000000e+02,8.150495863678496322e-01,9.000000000000000222e-01,5.000000000000000000e+00,2.000000000000000111e-01,-4.424713518543939017e+00
2.851999999999999886e+02,9.851653483153006707e-01,9.000000000000000222e-01,5.000000000000000000e+00,2.000000000000000111e-01,6.809528591334149894e+00
2.854000000000000341e+02,9.244931839521834949e-01,9.000000000000000222e-01,5.000000000000000000e+00,2.000000000000000111e-01,4.091378321924672434e+00
2.856000000000000227e+02,8.631034207113004175e-01,9.000000000000000222e-01,5.000000000000000000e+00,2.000000000000000111e-01,-9.853878215523446116e+00
2.858000000000000114e+02,7.253847608360404209e-01,9.000000000000000222e-01,5.000000000000000000e+00,2.000000000000000111e-01,5.967925891112148662e+00
2.860000000000000000e+02,8.041309961909590687e-01,9.000000000000000222e-01,5.000000000000000000e+00,2.000000000000000111e-01,-8.835779650012366204e+00
2.861999999999999886e+02,8.642770818021331403e-01,9.000000000000000222e-01,5.000000000000000000e+00,2.000000000000000111e-01,-9.093246463044863503e+00
2.864000000000000341e+02,8.878279784982968659e-01,9.000000000000000222e-01,5.000000000000000000e+00,2.000000000000000111e-01,-1.162435978057878572e+00
2.866000000000000227e+02,7.831415042983969066e-01,9.000000000000000222e-01,5.000000000000000000e+00,2.000000000000000111e-01,6.498650344524815381e+00
2.868000000000000114e+02,7.864218705169910839e-01,9.000000000000000222e-01,5.000000000000000000e+00,2.000000000000000111e-01,-6.699890916469543711e+00
2.870000000000000000e+02,9.032059258874437502e-01,9.000000000000000222e-01,5.000000000000000000e+00,2.000000000000000111e-01,5.810442647517062298e+00
2.871999999999999886e+02,8.107920798676626628e-01,9.000000000000000222e-01,5.000000000000000000e+00,2.000000000000000111e-01,-1.706447069066683753e+00
2.874000000000000341e+02,9.442555472428511010e-01,9.000000000000000222e-01,5.000000000000000000e+00,2.000000000000000111e-01,-3.988817526104940114e+00
2.876000000000000227e+02,9.743496833641476229e-01,9.000000000000000222e-01,5.000000000000000000e+00,2.000000000000000111e-01,2.242802281348248883e+00
2.878000000000000114e+02,1.028567202414167214e+00,9.000000000000000222e-01,5.000000000000000000e+00,2.000000000000000111e-01,5.724603739640954814e+00
2.880000000000000000e+02,8.160451422025566393e-01,9.000000000000000222e-01,5.000000000000000000e+00,2.000000000000000111e-01,2.970126445008471450e+00
2.881999999999999886e+02,9.193433481320872902e-01,9.000000000000000222e-01,5.000000000000000000e+00,2.000000000000000111e-01,-7.499040162666618770e+00
2.884000000000000341e+02,9.574441843019956266e-01,9.000000000000000222e-01,5.000000000000000000e+00,2.000000000000000111e-01,9.024431870325617666e-01
2.886000000000000227e+02,1.104829953326463166e+00,9.000000000000000222e-01,5.000000000000000000e+00,2.000000000000000111e-01,5.528714669487946765e+00
2.888000000000000114e+02,9.271677121259269683e-01,9.000000000000000222e-01,5.000000000000000000e+00,2.000000000000000111e-01,-4.323506598673667156e+00
2.890000000000000000e+02,9.550928218901736377e-01,1.000000000000000000e+00,5.000000000000000000e+00,2.000000000000000111e-01,8.532021117748129768e+00
2.891999999999999886e+02,9.620616050765774530e-01,1.000000000000000000e+00,5.000000000000000000e+00,2.000000000000000111e-01,2.249986569935307656e+00
2.894000000000000341e+02,9.064531539047676612e-01,1.000000000000000000e+00,5.000000000000000000e+00,2.000000000000000111e-01,-3.427362591380489931e+00
2.896000000000000227e+02,9.981199300889417314e-01,1.000000000000000000e+00,5.000000000000000000e+00,2.000000000000000111e-01,8.054144163983192328e+00
2.898000000000000114e+02,8.687597213235509486e-01,1.000000000000000000e+00,5.000000000000000000e+00,2.000000000000000111e-01,-1.661237907689281812e+00
2.900000000000000000e+02,1.082440201822914672e+00,1.000000000000000000e+00,5.000000000000000000e+00,2.000000000000000111e-01,-6.859549518166474513e-02
2.901999999999999886e+02,1.081784558045417288e+00,1.000000000000000000e+00,5.000000000000000000e+00,2.000000000000000111e-01,1.675179577801952036e+00
2.904000000000000341e+02,9.733017595261712618e-01,1.000000000000000000e+00,5.000000000000000000e+00,2.000000000000000111e-01,7.783913572465102959e+00
2.906000000000000227e+02,8.867217080788047934e-01,1.000000000000000000e+00,5.000000000000000000e+00,2.000000000000000111e-01,3.485313069308080713e+00
2.908000000000000114e+02,9.705019608291014510e-01,1.000000000000000000e+00,5.000000000000000000e+00,2.000000000000000111e-01,1.561573447481421795e+00
2.910000000000000000e+02,1.315014887826946977e+00,1.000000000000000000e+00,5.000000000000000000e+00,2.000000000000000111e-01,-1.099337148148720189e+00
2.911999999999999886e+02,1.027467205747292445e+00,1.000000000000000000e+00,5.000000000000000000e+00,2.000000000000000111e-01,-4.244674933421588747e+00
2.914000000000000341e+02,9.534675927998088607e-01,1.000000000000000000e+00,5.000000000000000000e+00,2.000000000000000111e-01,-8.831519261626681327e-01
2.916000000000000227e+02,9.281048058833004655e-01,1.000000000000000000e+00,5.000000000000000000e+00,2.000000000000000111e-01,-6.305349706984173963e+00
2.918000000000000114e+02,9.039926627603285247e-01,1.000000000000000000e+00,5.000000000000000000e+00,2.000000000000000111e-01,-8.624907349167401094e-01
2.920000000000000000e+02,1.081467550839370517e+00,1.000000000000000000e+00,5.000000000000000000e+00,2.000000000000000111e-01,1.415462933490490016e+00
2.921999999999999886e+02,1.010719304967053978e+00,1.000000000000000000e+00,5.000000000000000000e+00,2.000000000000000111e-01,-5.047089432325925884e+00
2.924000000000000341e+02,9.737536789573325580e-01,1.000000000000000000e+00,5.000000000000000000e+00,2.000000000000000111e-01,-5.529439437369763510e+00
2.926000000000000227e+02,1.130336623788841921e+00,1.000000000000000000e+00,5.000000000000000000e+00,2.000000000000000111e-01,1.169598828128272316e+00
2.928000000000000114e+02,9.488750295161881843e-01,1.000000000000000000e+00,5.000000000000000000e+00,2.000000000000000111e-01,1.789436376942564522e+00
2.930000000000000000e+02,1.193360972559433408e+00,1.000000000000000000e+00,5.000000000000000000e+00,2.000000000000000111e-01,-6.781733005474230858e+00
2.931999999999999886e+02,9.937237257660229695e-01,1.000000000000000000e+00,5.000000000000000000e+00,2.000000000000000111e-01,6.298628479438942662e+00
2.934000000000000341e+02,1.064257851315149939e+00,1.000000000000000000e+00,5.000000000000000000e+00,2.000000000000000111e-01,6.433616357659005303e+00
2.936000000000000227e+02,1.008312942568884152e+00,1.000000000000000000e+00,5.000000000000000000e+00,2.000000000000000111e-01,-6.116203988288715365e+00
2.938000000000000114e+02,1.123037347923949048e+00,1.000000000000000000e+00,5.000000000000000000e+00,2.000000000000000111e-01,7.507667641435503469e+00
2.940000000000000000e+02,1.076858628751731661e+00,1.000000000000000000e+00,5.000000000000000000e+00,2.000000000000000111e-01,5.130538325202271821e+00
2.941999999999999886e+02,9.374415578601416055e-01,1.000000000000000000e+00,5.000000000000000000e+00,2.000000000000000111e-01,-1.475207826729576510e+00
2.944000000000000341e+02,9.720950395065819372e-01,1.000000000000000000e+00,5.000000000000000000e+00,2.000000000000000111e-01,-6.374792800781747815e+00
2.946000000000000227e+02,1.103880892104472267e+00,1.000000000000000000e+00,5.000000000000000000e+00,2.000000000000000111e-01,5.383105061841149563e+00
2.948000000000000114e+02,9.186702948404572577e-01,1.000000000000000000e+00,5.000000000000000000e+00,2.000000000000000111e-01,-3.914727251031013822e-01
2.950000000000000000e+02,1.078426747560305765e+00,1.000000000000000000e+00,5.000000000000000000e+00,2.000000000000000111e-01,1.159810205646769177e+00
2.951999999999999886e+02,1.047261548924580676e+00,1.000000000000000000e+00,5.000000000000000000e+00,2.000000000000000111e-01,-6.850756052096304671e+00
2.954000000000000341e+02,1.110208085081075158e+00,1.000000000000000000e+00,5.000000000000000000e+00,2.000000000000000111e-01,-6.117631807248993248e+00
2.956000000000000227e+02,1.058635125740890803e+00,1.000000000000000000e+00,5.000000000000000000e+00,2.000000000000000111e-01,-6.926725335113845361e+00
2.958000000000000114e+02,9.366670699207889639e-01,1.000000000000000000e+00,5.000000000000000000e+00,2.000000000000000111e-01,2.803058034625518502e+00
2.960000000000000000e+02,1.008454246946051569e+00,1.000000000000000000e+00,5.000000000000000000e+00,2.000000000000000111e-01,-9.290942506294516789e+00
2.961999999999999886e+02,9.933850267433044223e-01,1.000000000000000000e+00,5.000000000000000000e+00,2.000000000000000111e-01,-9.857066695872845230e+00
2.964000000000000341e+02,1.058414697449274966e+00,1.000000000000000000e+00,5.000000000000000000e+00,2.000000000000000111e-01,-6.317580621712823863e+00
2.966000000000000227e+02,9.913973862523879355e-01,1.000000000000000000e+00,5.000000000000000000e+00,2.000000000000000111e-01,-8.763811688175504599e+00
2.968000000000000114e+02,1.064706915235889895e+00,1.000000000000000000e+00,5.000000000000000000e+00,2.000000000000000111e-01,6.999075314533538261e-01
2.970000000000000000e+02,1.055140084488537688e+00,1.000000000000000000e+00,5.000000000000000000e+00,2.000000000000000111e-01,-7.277198795558836864e+00
2.971999999999999886e+02,8.158505305457015577e-01,1.000000000000000000e+00,5.000000000000000000e+00,2.000000000000000111e-01,-3.675025521080081958e+00
2.974000000000000341e+02,1.062801785619234662e+00,1.000000000000000000e+00,5.000000000000000000e+00,2.000000000000000111e-01,8.037364603661508511e+00
2.976000000000000227e+02,1.034930581185413923e+00,1.000000000000000000e+00,5.000000000000000000e+00,2.000000000000000111e-01,1.224216761524862918e+00
2.978000000000000114e+02,8.611086781566621440e-01,1.000000000000000000e+00,5.000000000000000000e+00,2.000000000000000111e-01,-5.258164525364207975e+00
2.980000000000000000e+02,1.007607711778198523e+00,1.000000000000000000e+00,5.000000000000000000e+00,2.000000000000000111e-01,5.397559620202621034e-01
2.981999999999999886e+02,1.097440098660533714e+00,1.000000000000000000e+00,5.000000000000000000e+00,2.000000000000000111e-01,6.581868768672599401e+00
2.984000000000000341e+02,7.868995568902300564e-01,1.000000000000000000e+00,5.000000000000000000e+00,2.000000000000000111e-01,-7.349513838114409836e+00
2.986000000000000227e+02,8.833936748561710406e-01,1.000000000000000000e+00,5.000000000000000000e+00,2.000000000000000111e-01,1.810838537242517532e+00
2.988000000000000114e+02,1.167059318225341702e+00,1.000000000000000000e+00,5.000000000000000000e+00,2.000000000000000111e-01,-7.673973040912073884e+00
2.990000000000000000e+02,9.072067294671617432e-01,1.000000000000000000e+00,5.000000000000000000e+00,2.000000000000000111e-01,-7.743746440086376026e+00
2.991999999999999886e+02,8.383446328732000463e-01,1.000000000000000000e+00,5.000000000000000000e+00,2.000000000000000111e-01,-6.335151971050787978e+00
2.994000000000000341e+02,1.114364884464042582e+00,1.000000000000000000e+00,5.000000000000000000e+00,2.000000000000000111e-01,-4.201369546236291441e+00
2.996000000000000227e+02,1.050827039345054059e+00,1.000000000000000000e+00,5.000000000000000000e+00,2.000000000000000111e-01,-3.164150868594153287e+00
2.998000000000000114e+02,9.860436562169212493e-01,1.000000000000000000e+00,5.000000000000000000e+00,2.000000000000000111e-01,3.057287240903736603e+00
3.000000000000000000e+02,8.724228073724480392e-01,1.000000000000000000e+00,5.000000000000000000e+00,2.000000000000000111e-01,6.595619223207545900e+00
3.001999999999999886e+02,1.065174642591208309e+00,1.000000000000000000e+00,5.000000000000000000e+00,2.000000000000000111e-01,-1.724765334097131841e+00
3.004000000000000341e+02,9.848602322630617412e-01,1.000000000000000000e+00,5.000000000000000000e+00,2.000000000000000111e-01,8.216802828682645554e-03
3.006000000000000227e+02,1.204117734512898830e+00,1.000000000000000000e+00,5.000000000000000000e+00,2.000000000000000111e-01,-2.174169507078187458e+00
3.008000000000000114e+02,1.112888750004318750e+00,1.000000000000000000e+00,5.000000000000000000e+00,2.000000000000000111e-01,-3.759177170413019908e+00
3.010000000000000000e+02,9.976998827493498423e-01,1.000000000000000000e+00,5.000000000000000000e+00,2.000000000000000111e-01,5.870121382212360572e+00
3.011999999999999886e+02,8.559601453986277475e-01,1.000000000000000000e+00,5.000000000000000000e+00,2.000000000000000111e-01,9.208996380978881291e+00
3.014000000000000341e+02,1.188625343708677562e+00,1.000000000000000000e+00,5.000000000000000000e+00,2.000000000000000111e-01,8.580387669173866527e+00
3.016000000000000227e+02,1.014805350988721377e+00,1.000000000000000000e+00,5.000000000000000000e+00,2.000000000000000111e-01,6.697021532073669903e+00
3.018000000000000114e+02,7.942157517982451065e-01,9.000000000000000222e-01,5.000000000000000000e+00,2.000000000000000111e-01,-1.447877402061783059e+00
3.020000000000000000e+02,7.833311039535594267e-01,9.000000000000000222e-01,5.000000000000000000e+00,2.000000000000000111e-01,9.748378877643229856e+00
3.021999999999999886e+02,9.376367271148238203e-01,9.000000000000000222e-01,5.000000000000000000e+00,2.000000000000000111e-01,-2.389425257215282983e+00
3.024000000000000341e+02,8.513700691067127568e-01,9.000000000000000222e-01,5.000000000000000000e+00,2.000000000000000111e-01,4.263633751833420860e+00
3.026000000000000227e+02,8.361591877080494228e-01,9.000000000000000222e-01,5.000000000000000000e+00,2.000000000000000111e-01,4.850565939810092431e+00
3.028000000000000114e+02,8.437966885109327020e-01,9.000000000000000222e-01,5.000000000000000000e+00,2.000000000000000111e-01,-2.282915305819066987e+00
3.030000000000000000e+02,7.143184111211393628e-01,9.000000000000000222e-01,5.000000000000000000e+00,2.000000000000000111e-01,2.672655047932311234e+00
3.031999999999999886e+02,8.757746075527439444e-01,9.000000000000000222e-01,5.000000000000000000e+00,2.000000000000000111e-01,-7.348554985809121476e+00
3.034000000000000341e+02,8.998638647067711549e-01,9.000000000000000222e-01,5.000000000000000000e+00,2.000000000000000111e-01,8.742849766687758262e+00
3.036000000000000227e+02,8.506457170373171728e-01,9.000000000000000222e-01,5.000000000000000000e+00,2.000000000000000111e-01,-9.969290968018606591e+00
3.038000000000000114e+02,8.087574175090606055e-01,9.000000000000000222e-01,5.000000000000000000e+00,2.000000000000000111e-01,4.416338888730379608e+00
3.040000000000000000e+02,8.208543187790924289e-01,9.000000000000000222e-01,5.000000000000000000e+00,2.000000000000000111e-01,-3.533918530137086123e+00
3.041999999999999886e+02,9.372369010661167898e-01,9.000000000000000222e-01,5.000000000000000000e+00,2.000000000000000111e-01,-1.324315425147373659e+00
3.044000000000000341e+02,8.238827585646498752e-01,9.000000000000000222e-01,5.000000000000000000e+00,2.000000000000000111e-01,-5.655392166697241763e+00
3.046000000000000227e+02,8.891824127659596622e-01,9.000000000000000222e-01,5.000000000000000000e+00,2.000000000000000111e-01,4.479097557303891364e+00
3.048000000000000114e+02,9.163120244441930184e-01,9.000000000000000222e-01,5.000000000000000000e+00,2.000000000000000111e-01,-3.489324371297435334e-01
3.050000000000000000e+02,1.048399036529539252e+00,9.000000000000000222e-01,5.000000000000000000e+00,2.000000000000000111e-01,-5.890099402028390330e-01
3.051999999999999886e+02,9.414982420666929697e-01,9.000000000000000222e-01,5.000000000000000000e+00,2.000000000000000111e-01,-9.649265070534537969e+00
3.054000000000000341e+02,8.159563309128448072e-01,9.000000000000000222e-01,5.000000000000000000e+00,2.000000000000000111e-01,1.074265162723309075e+00
3.056000000000000227e+02,7.671044647359328561e-01,9.000000000000000222e-01,5.000000000000000000e+00,2.000000000000000111e-01,4.893095283503274828e+00
3.058000000000000114e+02,1.095230943545397739e+00,9.000000000000000222e-01,5.000000000000000000e+00,2.000000000000000111e-01,3.417032241123546754e+00
3.060000000000000000e+02,9.571440537547346583e-01,9.000000000000000222e-01,5.000000000000000000e+00,2.000000000000000111e-01,1.583857100602994450e+00
3.061999999999999886e+02,1.098375540571890685e+00,9.000000000000000222e-01,5.000000000000000000e+00,2.000000000000000111e-01,-2.969185743145525969e+00
3.064000000000000341e+02,9.316672279023066050e-01,9.000000000000000222e-01,5.000000000000000000e+00,2.000000000000000111e-01,5.796084647526038580e+00
3.066000000000000227e+02,8.448107147207858381e-01,9.000000000000000222e-01,5.000000000000000000e+00,2.000000000000000111e-01,7.990313148772973051e+00
3.068000000000000114e+02,9.994981436919031514e-01,9.000000000000000222e-01,5.000000000000000000e+00,2.000000000000000111e-01,1.053874821667882600e+00
3.070000000000000000e+02,8.343870290073003293e-01,9.000000000000000222e-01,5.000000000000000000e+00,2.000000000000000111e-01,2.113083455433841351e+00
3.072000000000000455e+02,9.687437055060353908e-01,9.000000000000000222e-01,5.000000000000000000e+00,2.000000000000000111e-01,-2.886719168051357087e+00
3.074000000000000341e+02,8.247052184456169499e-01,9.000000000000000222e-01,5.000000000000000000e+00,2.000000000000000111e-01,-2.376932076531470983e+00
3.076000000000000227e+02,1.037797271562267420e+00,9.000000000000000222e-01,5.000000000000000000e+00,2.000000000000000111e-01,-5.350063552950102164e+00
3.078000000000000114e+02,9.598290417353800841e-01,9.000000000000000222e-01,5.000000000000000000e+00,2.000000000000000111e-01,8.725500762197402338e+00
3.080000000000000000e+02,8.543418355971983402e-01,9.000000000000000222e-01,5.000000000000000000e+00,2.000000000000000111e-01,2.827368550057464347e+00
3.082000000000000455e+02,8.290204842873906133e-01,9.000000000000000222e-01,5.000000000000000000e+00,2.000000000000000111e-01,-6.006515977695043418e+00
3.084000000000000341e+02,8.834323098686616138e-01,9.000000000000000222e-01,5.000000000000000000e+00,2.000000000000000111e-01,-4.029371687050414153e+00
3.086000000000000227e+02,8.790719687105477131e-01,9.000000000000000222e-01,5.000000000000000000e+00,2.000000000000000111e-01,5.206771810270051759e+00
3.088000000000000114e+02,1.120185066645935645e+00,9.000000000000000222e-01,5.000000000000000000e+00,2.000000000000000111e-01,9.592068899581057906e+00
3.090000000000000000e+02,9.550079109609836969e-01,9.000000000000000222e-01,5.000000000000000000e+00,2.000000000000000111e-01,5.794907149667453794e+00
3.092000000000000455e+02,7.383063000766300066e-01,9.000000000000000222e-01,5.000000000000000000e+00,2.000000000000000111e-01,-6.145884423583978240e+00
3.094000000000000341e+02,6.744766634138983363e-01,9.000000000000000222e-01,5.000000000000000000e+00,2.000000000000000111e-01,6.407915910601502674e+00
3.096000000000000227e+02,9.727099454054281003e-01,9.000000000000000222e-01,5.000000000000000000e+00,2.000000000000000111e-01,-4.686296574987027341e+00
3.098000000000000114e+02,1.025390309452400395e+00,9.000000000000000222e-01,5.000000000000000000e+00,2.000000000000000111e-01,9.180087177044043756e+00
3.100000000000000000e+02,1.009416286452654798e+00,9.000000000000000222e-01,5.000000000000000000e+00,2.000000000000000111e-01,6.531337596777355259e+00
3.102000000000000455e+02,9.547321181797475687e-01,9.000000000000000222e-01,5.000000000000000000e+00,2.000000000000000111e-01,6.696878185076936774e+00
3.104000000000000341e+02,8.304053484233450133e-01,9.000000000000000222e-01,5.000000000000000000e+00,2.000000000000000111e-01,-4.284288104338791925e+00
3.106000000000000227e+02,8.932172867320775644e-01,9.000000000000000222e-01,5.000000000000000000e+00,2.000000000000000111e-01,7.535775957775484812e+00
3.108000000000000114e+02,8.908728178370516337e-01,9.000000000000000222e-01,5.000000000000000000e+00,2.000000000000000111e-01,-3.656328895542402257e+00
3.110000000000000000e+02,8.860412466823527344e-01,9.000000000000000222e-01,5.000000000000000000e+00,2.000000000000000111e-01,4.583240641000438487e+00
3.112000000000000455e+02,9.036008042517911232e-01,9.000000000000000222e-01,5.000000000000000000e+00,2.000000000000000111e-01,-7.140447618496303939e+00
3.114000000000000341e+02,7.162997628129550431e-01,9.000000000000000222e-01,5.000000000000000000e+00,2.000000000000000111e-01,2.143296911885562039e+00
3.116000000000000227e+02,9.190478381883965264e-01,9.000000000000000222e-01,5.000000000000000000e+00,2.000000000000000111e-01,6.845098326711656966e+00
3.118000000000000114e+02,8.406800190130949701e-01,9.000000000000000222e-01,5.000000000000000000e+00,2.000000000000000111e-01,-1.202158817273851099e+00
3.120000000000000000e+02,8.866385513753923808e-01,9.000000000000000222e-01,5.000000000000000000e+00,2.000000000000000111e-01,-1.808643762979905034e+00
3.122000000000000455e+02,7.786900032890611278e-01,9.000000000000000222e-01,5.000000000000000000e+00,2.000000000000000111e-01,3.996716382554360791e+00
3.124000000000000341e+02,9.838163512175528425e-01,9.000000000000000222e-01,5.000000000000000000e+00,2.000000000000000111e-01,-9.750560294619983637e+00
3.126000000000000227e+02,8.420604559730565652e-01,9.000000000000000222e-01,5.000000000000000000e+00,2.000000000000000111e-01,6.229130184112751323e+00
3.128000000000000114e+02,9.830420531237697990e-01,9.000000000000000222e-01,5.000000000000000000e+00,2.000000000000000111e-01,-9.323481419371139722e+00
3.130000000000000000e+02,8.757715816816699084e-01,9.000000000000000222e-01,5.000000000000000000e+00,2.000000000000000111e-01,8.653403743970425666e+00
3.132000000000000455e+02,8.368146644909499887e-01,9.000000000000000222e-01,5.000000000000000000e+00,2.000000000000000111e-01,2.305646150735361388e+00
3.134000000000000341e+02,7.713898117803041909e-01,9.000000000000000222e-01,5.000000000000000000e+00,2.000000000000000111e-01,9.354255700885452995e+00
3.136000000000000227e+02,1.027564833891725815e+00,9.000000000000000222e-01,5.000000000000000000e+00,2.000000000000000111e-01,-2.296790990908796459e+00
3.138000000000000114e+02,8.654613120595251452e-01,9.000000000000000222e-01,5.000000000000000000e+00,2.000000000000000111e-01,9.000040589329007190e+00
3.140000000000000000e+02,1.005358795891106993e+00,9.000000000000000222e-01,5.000000000000000000e+00,2.000000000000000111e-01,-3.177209841047741179e-01
3.142000000000000455e+02,1.043550903175049394e+00,9.000000000000000222e-01,5.000000000000000000e+00,2.000000000000000111e-01,8.313667589112466061e+00
3.144000000000000341e+02,7.788802900077677061e-01,9.000000000000000222e-01,5.000000000000000000e+00,2.000000000000000111e-01,-9.258172587618982874e+00
3.146000000000000227e+02,9.038075448089980535e-01,9.000000000000000222e-01,5.000000000000000000e+00,2.000000000000000111e-01,-8.461248018499565759e+00
3.148000000000000114e+02,8.452602157135490346e-01,9.000000000000000222e-01,5.000000000000000000e+00,2.000000000000000111e-01,8.280660140336056685e+00
3.150000000000000000e+02,8.330223705374785181e-01,9.000000000000000222e-01,5.000000000000000000e+00,2.000000000000000111e-01,5.936236663968681881e+00
3.152000000000000455e+02,9.562113093736951397e-01,9.000000000000000222e-01,5.000000000000000000e+00,2.000000000000000111e-01,-2.958869882726588685e+00
3.154000000000000341e+02,9.053400436354862579e-01,9.000000000000000222e-01,5.000000000000000000e+00,2.000000000000000111e-01,-6.170576296474672873e+00
3.156000000000000227e+02,7.597000173724204330e-01,9.000000000000000222e-01,5.000000000000000000e+00,2.000000000000000111e-01,6.819109402765782590e+00
3.158000000000000114e+02,1.051465914218092434e+00,9.000000000000000222e-01,5.000000000000000000e+00,2.000000000000000111e-01,-8.868524017897874145e+00
3.160000000000000000e+02,8.370417524351881911e-01,9.000000000000000222e-01,5.000000000000000000e+00,2.000000000000000111e-01,8.877771523279417210e+00
3.162000000000000455e+02,8.769362298240249709e-01,9.000000000000000222e-01,5.000000000000000000e+00,2.000000000000000111e-01,9.710221184212684875e+00
3.164000000000000341e+02,9.565077505572346928e-01,9.000000000000000222e-01,5.000000000000000000e+00,2.000000000000000111e-01,-9.422298692235106188e+00
3.166000000000000227e+02,8.584892237588646058e-01,9.000000000000000222e-01,5.000000000000000000e+00,2.000000000000000111e-01,5.353939581608520015e+00
3.168000000000000114e+02,1.120227826973677177e+00,1.100000000000000089e+00,5.000000000000000000e+00,2.000000000000000111e-01,6.540055626335192329e+00
3.170000000000000000e+02,1.076225150535714326e+00,1.100000000000000089e+00,5.000000000000000000e+00,2.000000000000000111e-01,-7.770210587421404469e+00
3.172000000000000455e+02,1.113168545293167000e+00,1.100000000000000089e+00,5.000000000000000000e+00,2.000000000000000111e-01,-9.488658108706975014e+00
3.174000000000000341e+02,1.156440325488642396e+00,1.100000000000000089e+00,5.000000000000000000e+00,2.000000000000000111e-01,-8.876439392006984619e+00
3.176000000000000227e+02,1.323496072189132011e+00,1.100000000000000089e+00,5.000000000000000000e+00,2.000000000000000111e-01,-3.981022094868171379e+00
3.178000000000000114e+02,1.188596924646983855e+00,1.100000000000000089e+00,5.000000000000000000e+00,2.000000000000000111e-01,-9.339334084937899405e+00
3.180000000000000000e+02,9.814344730611411771e-01,1.100000000000000089e+00,5.000000000000000000e+00,2.000000000000000111e-01,8.278337788608226333e+00
3.182000000000000455e+02,9.595531784205224568e-01,1.100000000000000089e+00,5.000000000000000000e+00,2.000000000000000111e-01,2.328412953870333979e+00
3.184000000000000341e+02,1.040052171740546871e+00,1.100000000000000089e+00,5.000000000000000000e+00,2.000000000000000111e-01,-4.875083944966949190e+00
3.186000000000000227e+02,1.115960956630916989e+00,1.100000000000000089e+00,5.000000000000000000e+00,2.000000000000000111e-01,2.793650837614421789e+00
3.188000000000000114e+02,9.964045409467026104e-01,1.100000000000000089e+00,5.000000000000000000e+00,2.000000000000000111e-01,-6.207825358866651655e+00
3.190000000000000000e+02,9.913865909681522925e-01,1.100000000000000089e+00,5.000000000000000000e+00,2.000000000000000111e-01,-6.095196631091894801e-01
3.192000000000000455e+02,9.807897575439263882e-01,1.000000000000000000e+00,5.000000000000000000e+00,2.000000000000000111e-01,-5.747761012640610900e+00
3.194000000000000341e+02,1.030110377745715011e+00,1.000000000000000000e+00,5.000000000000000000e+00,2.000000000000000111e-01,8.609857285213713851e+00
3.196000000000000227e+02,9.182019449161512581e-01,1.000000000000000000e+00,5.000000000000000000e+00,2.000000000000000111e-01,-2.932173626516780374e+00
3.198000000000000114e+02,1.103587072471859054e+00,1.000000000000000000e+00,5.000000000000000000e+00,2.000000000000000111e-01,-8.928981217305345552e+00
3.200000000000000000e+02,1.030553347856514534e+00,1.000000000000000000e+00,5.000000000000000000e+00,2.000000000000000111e-01,7.305715282036196356e+00
3.202000000000000455e+02,1.015741473217755875e+00,1.000000000000000000e+00,5.000000000000000000e+00,2.000000000000000111e-01,5.815781771161265823e-01
3.204000000000000341e+02,9.259109677072484557e-01,1.000000000000000000e+00,5.000000000000000000e+00,2.000000000000000111e-01,7.213722589138438224e+00
3.206000000000000227e+02,1.045545176239352614e+00,1.000000000000000000e+00,5.000000000000000000e+00,2.000000000000000111e-01,-4.997283818445437120e+00
3.208000000000000114e+02,9.358487149497872748e-01,1.000000000000000000e+00,5.000000000000000000e+00,2.000000000000000111e-01,-8.396031030049060817e+00
3.210000000000000000e+02,9.976698558058512134e-01,1.000000000000000000e+00,5.000000000000000000e+00,2.000000000000000111e-01,-3.537406134817753234e+00
3.212000000000000455e+02,1.056698980728885573e+00,1.000000000000000000e+00,5.000000000000000000e+00,2.000000000000000111e-01,9.296800436652258526e+00
3.214000000000000341e+02,9.178127129838418163e-01,1.000000000000000000e+00,5.000000000000000000e+00,2.000000000000000111e-01,-9.064639280406613153e+00
3.216000000000000227e+02,1.111852331692144036e+00,1.000000000000000000e+00,5.000000000000000000e+00,2.000000000000000111e-01,-6.680868437522033965e+00
3.218000000000000114e+02,9.580158360087405178e-01,1.000000000000000000e+00,5.000000000000000000e+00,2.000000000000000111e-01,1.496856018596178117e+00
3.220000000000000000e+02,1.104448715786656043e+00,1.000000000000000000e+00,5.000000000000000000e+00,2.000000000000000111e-01,-4.916088301383300774e+00
3.222000000000000455e+02,9.119369168200197606e-01,1.000000000000000000e+00,5.000000000000000000e+00,2.000000000000000111e-01,2.590414757978013682e+00
3.224000000000000341e+02,9.201892757665440792e-01,1.000000000000000000e+00,5.000000000000000000e+00,2.000000000000000111e-01,-6.492600876774865526e-01
3.226000000000000227e+02,1.055745695621685076e+00,1.000000000000000000e+00,5.000000000000000000e+00,2.000000000000000111e-01,6.352765572290973495e+00
3.228000000000000114e+02,1.188528684580713035e+00,1.000000000000000000e+00,5.000000000000000000e+00,2.000000000000000111e-01,1.654007762213252519e+00
3.230000000000000000e+02,9.241832330162095266e-01,1.000000000000000000e+00,5.000000000000000000e+00,2.000000000000000111e-01,2.836971301275777790e+00
3.232000000000000455e+02,9.702449637464184429e-01,1.000000000000000000e+00,5.000000000000000000e+00,2.000000000000000111e-01,7.345669181735406283e+00
3.234000000000000341e+02,1.065568585120879597e+00,1.000000000000000000e+00,5.000000000000000000e+00,2.000000000000000111e-01,1.964430572853077095e+00
3.236000000000000227e+02,1.021626879751186046e+00,1.000000000000000000e+00,5.000000000000000000e+00,2.000000000000000111e-01,4.466203149135392181e+00
3.238000000000000114e+02,9.689509610022201125e-01,1.000000000000000000e+00,5.000000000000000000e+00,2.000000000000000111e-01,-7.094228682278993503e+00
3.240000000000000000e+02,1.013857615215704389e+00,1.000000000000000000e+00,5.000000000000000000e+00,2.000000000000000111e-01,-4.557601188497084621e+00
3.242000000000000455e+02,9.857069592042767558e-01,1.000000000000000000e+00,5.000000000000000000e+00,2.000000000000000111e-01,-5.876620955218330167e+00
3.244000000000000341e+02,9.967093855434119298e-01,1.000000000000000000e+00,5.000000000000000000e+00,2.000000000000000111e-01,9.438293136119543902e+00
3.246000000000000227e+02,9.514393761228965296e-01,1.000000000000000000e+00,5.000000000000000000e+00,2.000000000000000111e-01,9.185489314606940070e+00
3.248000000000000114e+02,1.042368881473657805e+00,1.000000000000000000e+00,5.000000000000000000e+00,2.000000000000000111e-01,6.270140318023358361e-01
3.250000000000000000e+02,1.068412306157403568e+00,1.000000000000000000e+00,5.000000000000000000e+00,2.000000000000000111e-01,2.028988518459708956e+00
3.252000000000000455e+02,1.000885889747356261e+00,1.000000000000000000e+00,5.000000000000000000e+00,2.000000000000000111e-01,-1.206144158043173320e+00
3.254000000000000341e+02,1.107493150808011917e+00,1.000000000000000000e+00,5.000000000000000000e+00,2.000000000000000111e-01,-5.866235486447386904e+00
3.256000000000000227e+02,1.007407545413500305e+00,1.000000000000000000e+00,5.000000000000000000e+00,2.000000000000000111e-01,7.785588051873833848e+00
3.258000000000000114e+02,1.162647137193225877e+00,1.000000000000000000e+00,5.000000000000000000e+00,2.000000000000000111e-01,-1.350693052910088454e+00
3.260000000000000000e+02,9.060244977472718952e-01,1.000000000000000000e+00,5.000000000000000000e+00,2.000000000000000111e-01,-6.845922515176098955e+00
3.262000000000000455e+02,9.551515673959336539e-01,1.000000000000000000e+00,5.000000000000000000e+00,2.000000000000000111e-01,-2.734576751932673133e+00
3.264000000000000341e+02,1.058664553724721902e+00,1.000000000000000000e+00,5.000000000000000000e+00,2.000000000000000111e-01,-1.354373395402497238e+00
3.266000000000000227e+02,8.427983154855762660e-01,1.000000000000000000e+00,5.000000000000000000e+00,2.000000000000000111e-01,-3.276186620934932847e+00
3.268000000000000114e+02,1.150543122146727493e+00,1.100000000000000089e+00,5.000000000000000000e+00,2.000000000000000111e-01,6.874293228668275191e+00
3.270000000000000000e+02,1.110451955827939319e+00,1.100000000000000089e+00,5.000000000000000000e+00,2.000000000000000111e-01,-4.761967451582005850e+00
3.272000000000000455e+02,1.164507839260848332e+00,1.100000000000000089e+00,5.000000000000000000e+00,2.000000000000000111e-01,-1.284237550371688741e+00
3.274000000000000341e+02,1.273536562262469030e+00,1.100000000000000089e+00,5.000000000000000000e+00,2.000000000000000111e-01,9.833192200802791660e-01
3.276000000000000227e+02,1.122869621477202040e+00,1.100000000000000089e+00,5.000000000000000000e+00,2.000000000000000111e-01,-4.832603669554405457e+00
3.278000000000000114e+02,1.018639893559933896e+00,1.100000000000000089e+00,5.000000000000000000e+00,2.000000000000000111e-01,1.124921839844974514e+00
3.280000000000000000e+02,1.008352178287549084e+00,1.100000000000000089e+00,5.000000000000000000e+00,2.000000000000000111e-01,1.500186015712580812e+00
3.282000000000000455e+02,1.083458550373632034e+00,1.100000000000000089e+00,5.000000000000000000e+00,2.000000000000000111e-01,-3.905613343355058831e+00
3.284000000000000341e+02,1.131113122166505613e+00,1.100000000000000089e+00,5.000000000000000000e+00,2.000000000000000111e-01,8.360209365680514537e+00
3.286000000000000227e+02,9.708720484433056575e-01,1.100000000000000089e+00,5.000000000000000000e+00,2.000000000000000111e-01,9.383711779241473039e+00
3.288000000000000114e+02,1.061401879630770040e+00,1.100000000000000089e+00,5.000000000000000000e+00,2.000000000000000111e-01,-8.596184294046933516e+00
3.290000000000000000e+02,9.741792261239944350e-01,1.100000000000000089e+00,5.000000000000000000e+00,2.000000000000000111e-01,7.667332739528418983e+00
3.292000000000000455e+02,1.148862849685577281e+00,1.100000000000000089e+00,5.000000000000000000e+00,2.000000000000000111e-01,6.964365284965168712e+00
3.294000000000000341e+02,1.177589571264249679e+00,1.100000000000000089e+00,5.000000000000000000e+00,2.000000000000000111e-01,5.464428921861927080e+00
3.296000000000000227e+02,1.128074047770152522e+00,1.100000000000000089e+00,5.000000000000000000e+00,2.000000000000000111e-01,6.160085600529924932e+00
3.298000000000000114e+02,1.114780211001906274e+00,1.100000000000000089e+00,5.000000000000000000e+00,2.000000000000000111e-01,-5.796555266690277541e+00
3.300000000000000000e+02,1.184636188688069192e+00,1.100000000000000089e+00,5.000000000000000000e+00,2.000000000000000111e-01,1.383289147292982690e+00
3.302000000000000455e+02,1.126416234375240633e+00,1.100000000000000089e+00,5.000000000000000000e+00,2.000000000000000111e-01,-2.390380361974793644e+00
3.304000000000000341e+02,1.080894004323232016e+00,1.100000000000000089e+00,5.000000000000000000e+00,2.000000000000000111e-01,4.398710290834277004e+00
3.306000000000000227e+02,9.923397814012717699e-01,1.000000000000000000e+00,5.000000000000000000e+00,2.000000000000000111e-01,-1.031665602703364826e+00
3.308000000000000114e+02,9.458315091836388966e-01,1.000000000000000000e+00,5.000000000000000000e+00,2.000000000000000111e-01,-6.956489293448722577e+00
3.310000000000000000e+02,9.198956917798217781e-01,1.000000000000000000e+00,5.000000000000000000e+00,2.000000000000000111e-01,8.453996991556028462e+00
3.312000000000000455e+02,7.781967691448101743e-01,1.000000000000000000e+00,5.000000000000000000e+00,2.000000000000000111e-01,-6.343682544777989207e+00
3.314000000000000341e+02,1.000736534365476604e+00,1.000000000000000000e+00,5.000000000000000000e+00,2.000000000000000111e-01,-1.174952044607685764e+00
3.316000000000000227e+02,9.879188114539704246e-01,1.000000000000000000e+00,5.000000000000000000e+00,2.000000000000000111e-01,-8.025032306795161219e-01
3.318000000000000114e+02,9.053022592482649067e-01,1.000000000000000000e+00,5.000000000000000000e+00,2.000000000000000111e-01,4.842196975552013782e+00
3.320000000000000000e+02,1.049647501993165921e+00,1.000000000000000000e+00,5.000000000000000000e+00,2.000000000000000111e-01,-8.232894619752270771e+00
3.322000000000000455e+02,9.650724287284324632e-01,1.000000000000000000e+00,5.000000000000000000e+00,2.000000000000000111e-01,5.810436570832091974e+00
3.324000000000000341e+02,1.061103770166100135e+00,1.000000000000000000e+00,5.000000000000000000e+00,2.000000000000000111e-01,-3.888200134381065709e+00
3.326000000000000227e+02,1.097575406267758513e+00,1.000000000000000000e+00,5.000000000000000000e+00,2.000000000000000111e-01,-4.845393687326373211e+00
3.328000000000000114e+02,9.805634509056722070e-01,1.000000000000000000e+00,5.000000000000000000e+00,2.000000000000000111e-01,-5.097689596168466508e+00
3.330000000000000000e+02,1.112278604677684690e+00,1.000000000000000000e+00,5.000000000000000000e+00,2.000000000000000111e-01,6.909667722989070171e-01
3.332000000000000455e+02,1.046048247275470855e+00,1.000000000000000000e+00,5.000000000000000000e+00,2.000000000000000111e-01,-4.652135835464681790e+00
3.334000000000000341e+02,1.078073251164564539e+00,1.000000000000000000e+00,5.000000000000000000e+00,2.000000000000000111e-01,-1.914223675846766781e+00
3.336000000000000227e+02,9.288327914205813940e-01,1.000000000000000000e+00,5.000000000000000000e+00,2.000000000000000111e-01,5.498785920194899646e+00
3.338000000000000114e+02,9.322805598671825011e-01,1.000000000000000000e+00,5.000000000000000000e+00,2.000000000000000111e-01,4.586883291259308493e+00
3.340000000000000000e+02,1.047172236947151225e+00,1.000000000000000000e+00,5.000000000000000000e+00,2.000000000000000111e-01,9.673475588892991084e+00
3.342000000000000455e+02,1.110929358075610773e+00,1.000000000000000000e+00,5.000000000000000000e+00,2.000000000000000111e-01,-4.074018907582783733e+00
3.344000000000000341e+02,9.519542176394715227e-01,1.000000000000000000e+00,5.000000000000000000e+00,2.000000000000000111e-01,1.421082443475008006e+00
3.346000000000000227e+02,8.800255870178108619e-01,1.000000000000000000e+00,5.000000000000000000e+00,2.000000000000000111e-01,1.977813583968380584e+00
3.348000000000000114e+02,1.169907470927353810e+00,1.000000000000000000e+00,5.000000000000000000e+00,2.000000000000000111e-01,-2.311179200512691878e+00
3.350000000000000000e+02,1.196479228485058943e+00,1.000000000000000000e+00,5.000000000000000000e+00,2.000000000000000111e-01,2.606517066884268985e+00
3.352000000000000455e+02,1.066797693094164057e+00,1.000000000000000000e+00,5.000000000000000000e+00,2.000000000000000111e-01,-6.141666433814181758e+00
3.354000000000000341e+02,1.118911615894762290e+00,1.000000000000000000e+00,5.000000000000000000e+00,2.000000000000000111e-01,1.436840457552424510e+00
3.356000000000000227e+02,1.097742876227234543e+00,1.000000000000000000e+00,5.000000000000000000e+00,2.000000000000000111e-01,4.804574840205217967e+00
3.358000000000000114e+02,9.445117652588554957e-01,1.000000000000000000e+00,5.000000000000000000e+00,2.000000000000000111e-01,-7.934683760647249784e+00
3.360000000000000000e+02,1.028243413801317230e+00,1.000000000000000000e+00,5.000000000000000000e+00,2.000000000000000111e-01,4.013969212174369972e+00
3.362000000000000455e+02,9.205797731943645701e-01,1.000000000000000000e+00,5.000000000000000000e+00,2.000000000000000111e-01,-9.639141306107642748e+00
3.364000000000000341e+02,1.201269792249146651e+00,1.000000000000000000e+00,5.000000000000000000e+00,2.000000000000000111e-01,5.107698830915126109e-01
3.366000000000000227e+02,1.044824672993849068e+00,1.000000000000000000e+00,5.000000000000000000e+00,2.000000000000000111e-01,8.194954532995005536e+00
3.368000000000000114e+02,1.073971022597622449e+00,1.000000000000000000e+00,5.000000000000000000e+00,2.000000000000000111e-01,7.720684885421604804e+00
3.370000000000000000e+02,9.740128960689879989e-01,1.000000000000000000e+00,5.000000000000000000e+00,2.000000000000000111e-01,-5.048242051450007040e-01
3.372000000000000455e+02,1.005499877880804860e+00,1.000000000000000000e+00,5.000000000000000000e+00,2.000000000000000111e-01,-4.873163791492878261e+00
3.374000000000000341e+02,1.083932956207590115e+00,1.000000000000000000e+00,5.000000000000000000e+00,2.000000000000000111e-01,-9.293867331487783545e+00
3.376000000000000227e+02,1.097508288409524413e+00,1.000000000000000000e+00,5.000000000000000000e+00,2.000000000000000111e-01,7.873353613033550857e+00
3.378000000000000114e+02,1.065617024748115815e+00,1.000000000000000000e+00,5.000000000000000000e+00,2.000000000000000111e-01,3.271276940249897791e+00
3.380000000000000000e+02,1.054334892199995988e+00,1.000000000000000000e+00,5.000000000000000000e+00,2.000000000000000111e-01,8.930095088512892687e-01
3.382000000000000455e+02,1.002534415107759980e+00,1.000000000000000000e+00,5.000000000000000000e+00,2.000000000000000111e-01,3.119567340888551144e+00
3.384000000000000341e+02,8.405329597287105603e-01,1.000000000000000000e+00,5.000000000000000000e+00,2.000000000000000111e-01,-6.068144068481029052e+00
3.386000000000000227e+02,8.884328450428227164e-01,1.000000000000000000e+00,5.000000000000000000e+00,2.000000000000000111e-01,-6.136737250399109556e+00
3.388000000000000114e+02,1.117147496515800142e+00,1.000000000000000000e+00,5.000000000000000000e+00,2.000000000000000111e-01,4.912212625969100799e+00
3.390000000000000000e+02,9.530755105751536060e-01,1.000000000000000000e+00,5.000000000000000000e+00,2.000000000000000111e-01,-7.461330157597463320e+00
3.392000000000000455e+02,1.077724323010984975e+00,1.000000000000000000e+00,5.000000000000000000e+00,2.000000000000000111e-01,-2.314450917178940692e+00
3.394000000000000341e+02,1.066302794074669213e+00,1.000000000000000000e+00,5.000000000000000000e+00,2.000000000000000111e-01,-7.935415458911578845e+00
3.396000000000000227e+02,9.714576596876883796e-01,1.000000000000000000e+00,5.000000000000000000e+00,2.000000000000000111e-01,-3.877917091984088849e+00
3.398000000000000114e+02,1.086654986941229417e+00,1.000000000000000000e+00,5.000000000000000000e+00,2.000000000000000111e-01,-6.607579232134471070e+00
3.400000000000000000e+02,1.071642270601693703e+00,1.000000000000000000e+00,5.000000000000000000e+00,2.000000000000000111e-01,1.356417083084737740e+00
3.402000000000000455e+02,1.065506358461774550e+00,1.000000000000000000e+00,5.000000000000000000e+00,2.000000000000000111e-01,4.761416071194592092e+00
3.404000000000000341e+02,1.021981095369363768e+00,1.000000000000000000e+00,5.000000000000000000e+00,2.000000000000000111e-01,9.623071707105637529e+00
3.406000000000000227e+02,1.080437005659163674e+00,1.000000000000000000e+00,5.000000000000000000e+00,2.000000000000000111e-01,5.897865209232303840e+00
3.408000000000000114e+02,1.106027142236335026e+00,1.000000000000000000e+00,5.000000000000000000e+00,2.000000000000000111e-01,3.883991723127683926e+00
3.410000000000000000e+02,9.649574182397399058e-01,1.000000000000000000e+00,5.000000000000000000e+00,2.000000000000000111e-01,-5.329541861261201774e+00
3.412000000000000455e+02,1.080912347614668256e+00,1.000000000000000000e+00,5.000000000000000000e+00,2.000000000000000111e-01,8.900083842120682931e+00
3.414000000000000341e+02,1.102817815824965519e+00,1.000000000000000000e+00,5.000000000000000000e+00,2.000000000000000111e-01,-2.070887651933269069e+00
3.416000000000000227e+02,9.765780170978769492e-01,1.000000000000000000e+00,5.000000000000000000e+00,2.000000000000000111e-01,1.044245327883178476e+00
3.418000000000000114e+02,1.005195292454819311e+00,1.000000000000000000e+00,5.000000000000000000e+00,2.000000000000000111e-01,-4.663518246624764885e-01
3.420000000000000000e+02,1.106099076910407764e+00,1.000000000000000000e+00,5.000000000000000000e+00,2.000000000000000111e-01,-2.284063880159985516e+00
3.422000000000000455e+02,1.063339981360807762e+00,1.000000000000000000e+00,5.000000000000000000e+00,2.000000000000000111e-01,3.620628237619277101e+00
3.424000000000000341e+02,1.047827493896794415e+00,1.000000000000000000e+00,5.000000000000000000e+00,2.000000000000000111e-01,-1.345970621702596404e+00
3.426000000000000227e+02,1.020931446863950098e+00,1.000000000000000000e+00,5.000000000000000000e+00,2.000000000000000111e-01,8.670486765898260728e+00
3.428000000000000114e+02,8.319059780061723863e-01,1.000000000000000000e+00,5.000000000000000000e+00,2.000000000000000111e-01,5.980044573944280017e+00
3.430000000000000000e+02,1.001588769433413795e+00,1.000000000000000000e+00,5.000000000000000000e+00,2.000000000000000111e-01,-5.322974058314500212e+00
3.432000000000000455e+02,9.939998078142164850e-01,1.000000000000000000e+00,5.000000000000000000e+00,2.000000000000000111e-01,2.284547147219297969e+00
3.434000000000000341e+02,1.120458069669509893e+00,1.000000000000000000e+00,5.000000000000000000e+00,2.000000000000000111e-01,-5.757837004958292759e+00
3.436000000000000227e+02,1.123719180902772008e+00,1.000000000000000000e+00,5.000000000000000000e+00,2.000000000000000111e-01,-6.977311714976631052e+00
3.438000000000000114e+02,1.022367238469874318e+00,1.000000000000000000e+00,5.000000000000000000e+00,2.000000000000000111e-01,-4.651771677541107763e+00
3.440000000000000000e+02,8.949161597337226270e-01,1.000000000000000000e+00,5.000000000000000000e+00,2.000000000000000111e-01,-5.035794073809503502e+00
3.442000000000000455e+02,1.006261265167410768e+00,1.000000000000000000e+00,5.000000000000000000e+00,2.000000000000000111e-01,-2.301991835856147972e+00
3.444000000000000341e+02,1.027070575874271086e+00,1.000000000000000000e+00,5.000000000000000000e+00,2.000000000000000111e-01,-6.432397938650831648e+00
3.446000000000000227e+02,9.811163164992309227e-01,1.000000000000000000e+00,5.000000000000000000e+00,2.000000000000000111e-01,1.130080904276367093e+00
3.448000000000000114e+02,1.198914697751336966e+00,1.000000000000000000e+00,5.000000000000000000e+00,2.000000000000000111e-01,-1.138345137191754119e+00
3.450000000000000000e+02,1.145697163896893800e+00,1.000000000000000000e+00,5.000000000000000000e+00,2.000000000000000111e-01,1.887419602663610974e+00
3.452000000000000455e+02,9.609736228858135609e-01,1.000000000000000000e+00,5.000000000000000000e+00,2.000000000000000111e-01,3.668631640391959436e+00
3.454000000000000341e+02,9.369429181935774453e-01,1.000000000000000000e+00,5.000000000000000000e+00,2.000000000000000111e-01,2.025527567142621166e+00
3.456000000000000227e+02,9.861571997690161684e-01,1.000000000000000000e+00,5.000000000000000000e+00,2.000000000000000111e-01,8.819055100425245541e+00
3.458000000000000114e+02,9.068445572749548322e-01,1.000000000000000000e+00,5.000000000000000000e+00,2.000000000000000111e-01,7.382438166391001033e+00
3.460000000000000000e+02,1.000277448090940213e+00,1.000000000000000000e+00,5.000000000000000000e+00,2.000000000000000111e-01,1.789003274814149336e-01
3.462000000000000455e+02,1.111123064720414888e+00,1.100000000000000089e+00,5.000000000000000000e+00,2.000000000000000111e-01,7.079970171524404776e+00
3.464000000000000341e+02,1.143888702414848302e+00,1.100000000000000089e+00,5.000000000000000000e+00,2.000000000000000111e-01,4.769439892050275631e+00
3.466000000000000227e+02,1.187456654800358002e+00,1.100000000000000089e+00,5.000000000000000000e+00,2.000000000000000111e-01,-2.237269205039124742e+00
3.468000000000000114e+02,1.134408259517155626e+00,1.100000000000000089e+00,5.000000000000000000e+00,2.000000000000000111e-01,6.165596637776573630e-01
3.470000000000000000e+02,1.309950287529657587e+00,1.100000000000000089e+00,5.000000000000000000e+00,2.000000000000000111e-01,-7.466876390735775360e+00
3.472000000000000455e+02,1.099642395357607993e+00,1.100000000000000089e+00,5.000000000000000000e+00,2.000000000000000111e-01,-8.668635258266000676e+00
3.474000000000000341e+02,1.087473630157322901e+00,1.100000000000000089e+00,5.000000000000000000e+00,2.000000000000000111e-01,-2.697359385729873438e+00
3.476000000000000227e+02,1.232390546405110587e+00,1.100000000000000089e+00,5.000000000000000000e+00,2.000000000000000111e-01,1.974337799827495132e+00
3.478000000000000114e+02,1.154678688939886122e+00,1.100000000000000089e+00,5.000000000000000000e+00,2.000000000000000111e-01,2.324381538606644426e+00
3.480000000000000000e+02,1.162376745357142305e+00,1.100000000000000089e+00,5.000000000000000000e+00,2.000000000000000111e-01,-4.837241903324239090e+00
3.482000000000000455e+02,1.050298795857611545e+00,1.100000000000000089e+00,5.000000000000000000e+00,2.000000000000000111e-01,1.921460503479927695e+00
3.484000000000000341e+02,8.644275106292504951e-01,1.000000000000000000e+00,5.000000000000000000e+00,2.000000000000000111e-01,-5.639851283941901272e-01
3.486000000000000227e+02,9.683219327444665403e-01,1.000000000000000000e+00,5.000000000000000000e+00,2.000000000000000111e-01,-5.560361717905433210e-01
3.488000000000000114e+02,1.014466128611917206e+00,1.000000000000000000e+00,5.000000000000000000e+00,2.000000000000000111e-01,-1.222394654870409880e+00
3.490000000000000000e+02,1.161703187565028550e+00,1.000000000000000000e+00,5.000000000000000000e+00,2.000000000000000111e-01,-7.457415876523453946e+00
3.492000000000000455e+02,8.708124693380860926e-01,1.000000000000000000e+00,5.000000000000000000e+00,2.000000000000000111e-01,6.282719114885097156e+00
3.494000000000000341e+02,8.983661560297458992e-01,1.000000000000000000e+00,5.000000000000000000e+00,2.000000000000000111e-01,-6.633785643191285608e+00
3.496000000000000227e+02,1.026807042984340113e+00,1.000000000000000000e+00,5.000000000000000000e+00,2.000000000000000111e-01,-3.860340835878321997e+00
3.498000000000000114e+02,9.863188884743038232e-01,1.000000000000000000e+00,5.000000000000000000e+00,2.000000000000000111e-01,7.099791165729151032e+00
3.500000000000000000e+02,9.624001253146639012e-01,1.000000000000000000e+00,5.000000000000000000e+00,2.000000000000000111e-01,3.538177874208638940e+00
3.502000000000000455e+02,9.680210709663563673e-01,1.000000000000000000e+00,5.000000000000000000e+00,2.000000000000000111e-01,-7.584177023143883645e+00
3.504000000000000341e+02,1.148759389539161901e+00,1.000000000000000000e+00,5.000000000000000000e+00,2.000000000000000111e-01,4.670074658865154049e+00
3.506000000000000227e+02,1.015280566616530766e+00,1.000000000000000000e+00,5.000000000000000000e+00,2.000000000000000111e-01,9.684356209418080397e+00
3.508000000000000114e+02,1.193601052849900590e+00,1.000000000000000000e+00,5.000000000000000000e+00,2.000000000000000111e-01,-7.588262973270662570e+00
3.510000000000000000e+02,9.347575245477682815e-01,1.000000000000000000e+00,5.000000000000000000e+00,2.000000000000000111e-01,-3.273791778561088606e+00
3.512000000000000455e+02,1.090818473276511824e+00,1.000000000000000000e+00,5.000000000000000000e+00,2.000000000000000111e-01,2.806939350725395244e+00
3.514000000000000341e+02,1.080582990342106697e+00,1.000000000000000000e+00,5.000000000000000000e+00,2.000000000000000111e-01,-9.631845177908989086e+00
3.516000000000000227e+02,1.028500551870158430e+00,1.000000000000000000e+00,5.000000000000000000e+00,2.000000000000000111e-01,6.132399605300665968e+00
3.518000000000000114e+02,1.083885970830053891e+00,1.000000000000000000e+00,5.000000000000000000e+00,2.000000000000000111e-01,1.933040021593882329e+00
3.520000000000000000e+02,9.668731631250035985e-01,1.000000000000000000e+00,5.000000000000000000e+00,2.000000000000000111e-01,-4.424573331026904199e+00
3.522000000000000455e+02,1.026854525191620127e+00,1.000000000000000000e+00,5.000000000000000000e+00,2.000000000000000111e-01,-2.632107390191302798e+00
3.524000000000000341e+02,1.074591669973421260e+00,1.000000000000000000e+00,5.000000000000000000e+00,2.000000000000000111e-01,7.795682368385321581e+00
3.526000000000000227e+02,9.560462108072627085e-01,1.000000000000000000e+00,5.000000000000000000e+00,2.000000000000000111e-01,-7.563462653619783538e-01
3.528000000000000114e+02,1.011999458821961406e+00,1.000000000000000000e+00,5.000000000000000000e+00,2.000000000000000111e-01,7.783698380666372429e+00
3.530000000000000000e+02,1.046346628627991882e+00,1.000000000000000000e+00,5.000000000000000000e+00,2.000000000000000111e-01,-2.989402799740759065e+00
3.532000000000000455e+02,1.059995312793812650e+00,1.000000000000000000e+00,5.000000000000000000e+00,2.000000000000000111e-01,-1.406020017968288016e-01
3.534000000000000341e+02,1.051997199514323134e+00,1.000000000000000000e+00,5.000000000000000000e+00,2.000000000000000111e-01,-7.995803163415454051e+00
3.536000000000000227e+02,8.507909135071257678e-01,1.000000000000000000e+00,5.000000000000000000e+00,2.000000000000000111e-01,9.880031498815707636e+00
3.538000000000000114e+02,8.039783567308643741e-01,1.000000000000000000e+00,5.000000000000000000e+00,2.000000000000000111e-01,-6.445186802480580290e+00
3.540000000000000000e+02,9.324112080237919598e-01,1.000000000000000000e+00,5.000000000000000000e+00,2.000000000000000111e-01,5.603965271280888061e+00
3.542000000000000455e+02,1.053509958358307186e+00,1.000000000000000000e+00,5.000000000000000000e+00,2.000000000000000111e-01,-3.825501961159463171e+00
3.544000000000000341e+02,1.088265420885013768e+00,1.000000000000000000e+00,5.000000000000000000e+00,2.000000000000000111e-01,1.553558638844268813e+00
3.546000000000000227e+02,1.182500500425509138e+00,1.000000000000000000e+00,5.000000000000000000e+00,2.000000000000000111e-01,-3.764096582822340054e+00
3.548000000000000114e+02,1.068360133881185003e+00,1.000000000000000000e+00,5.000000000000000000e+00,2.000000000000000111e-01,-3.344102017026280294e-01
3.550000000000000000e+02,1.030723980992975353e+00,1.000000000000000000e+00,5.000000000000000000e+00,2.000000000000000111e-01,1.196734289463776690e+00
3.552000000000000455e+02,1.036692510605584649e+00,1.000000000000000000e+00,5.000000000000000000e+00,2.000000000000000111e-01,-3.844129787955619548e+00
3.554000000000000341e+02,1.132198944250380368e+00,1.000000000000000000e+00,5.000000000000000000e+00,2.000000000000000111e-01,-1.289162325576338475e+00
3.556000000000000227e+02,1.040358501344288422e+00,1.000000000000000000e+00,5.000000000000000000e+00,2.000000000000000111e-01,-3.490262068156559927e+00
3.558000000000000114e+02,9.934234472763483481e-01,1.000000000000000000e+00,5.000000000000000000e+00,2.000000000000000111e-01,6.227349335443037148e+00
3.560000000000000000e+02,9.652098548186920368e-01,1.000000000000000000e+00,5.000000000000000000e+00,2.000000000000000111e-01,-9.474179667908732227e+00
3.562000000000000455e+02,9.406017586939923181e-01,1.000000000000000000e+00,5.000000000000000000e+00,2.000000000000000111e-01,1.397693031551012766e+00
3.564000000000000341e+02,9.189348912640862288e-01,1.000000000000000000e+00,5.000000000000000000e+00,2.000000000000000111e-01,2.361578780819645118e+00
3.566000000000000227e+02,9.848183350050497831e-01,1.000000000000000000e+00,5.000000000000000000e+00,2.000000000000000111e-01,-6.164342754654157375e+00
3.568000000000000114e+02,9.106896513769386914e-01,1.000000000000000000e+00,5.000000000000000000e+00,2.000000000000000111e-01,5.406609025688087655e+00
3.570000000000000000e+02,1.129761333522467437e+00,1.000000000000000000e+00,5.000000000000000000e+00,2.000000000000000111e-01,9.531357696447702921e+00
3.572000000000000455e+02,1.143892730989634288e+00,1.000000000000000000e+00,5.000000000000000000e+00,2.000000000000000111e-01,5.083064552770917288e-01
3.574000000000000341e+02,9.283878195805455036e-01,1.000000000000000000e+00,5.000000000000000000e+00,2.000000000000000111e-01,-2.782140503712966506e+00
3.576000000000000227e+02,1.131020973674575547e+00,1.000000000000000000e+00,5.000000000000000000e+00,2.000000000000000111e-01,-5.814494662434432470e+00
3.578000000000000114e+02,9.928586838623608690e-01,1.000000000000000000e+00,5.000000000000000000e+00,2.000000000000000111e-01,6.040923896123171488e+00
3.580000000000000000e+02,1.003135060278269375e+00,1.000000000000000000e+00,5.000000000000000000e+00,2.000000000000000111e-01,4.270135173677626739e+00
3.582000000000000455e+02,1.093847286022560317e+00,1.000000000000000000e+00,5.000000000000000000e+00,2.000000000000000111e-01,2.585450984124744167e-01
3.584000000000000341e+02,1.078062078684708158e+00,1.000000000000000000e+00,5.000000000000000000e+00,2.000000000000000111e-01,2.487448421687100009e+00
3.586000000000000227e+02,9.685945105175022274e-01,1.000000000000000000e+00,5.000000000000000000e+00,2.000000000000000111e-01,6.903180514591078065e+00
3.588000000000000114e+02,9.746279345563616525e-01,1.000000000000000000e+00,5.000000000000000000e+00,2.000000000000000111e-01,7.337765137761614653e+00
3.590000000000000000e+02,1.165604456413779300e+00,1.000000000000000000e+00,5.000000000000000000e+00,2.000000000000000111e-01,-5.584395648725291039e+00
3.592000000000000455e+02,9.796178399470044651e-01,1.000000000000000000e+00,5.000000000000000000e+00,2.000000000000000111e-01,-4.723559078769328679e+00
3.594000000000000341e+02,1.050196939779297622e+00,1.000000000000000000e+00,5.000000000000000000e+00,2.000000000000000111e-01,-8.009316583724022109e+00
3.596000000000000227e+02,1.075847361563302629e+00,1.000000000000000000e+00,5.000000000000000000e+00,2.000000000000000111e-01,-8.437046961320259442e+00
3.598000000000000114e+02,1.284769134635099785e+00,1.000000000000000000e+00,5.000000000000000000e+00,2.000000000000000111e-01,-9.350580929247538364e+00
3.600000000000000000e+02,1.136048607885191242e+00,1.000000000000000000e+00,5.000000000000000000e+00,2.000000000000000111e-01,2.489441837398793211e+00
3.602000000000000455e+02,1.079371309025070946e+00,1.000000000000000000e+00,5.000000000000000000e+00,2.000000000000000111e-01,4.185119770460783428e-01
3.604000000000000341e+02,9.945208970251563363e-01,1.000000000000000000e+00,5.000000000000000000e+00,2.000000000000000111e-01,-1.642468520108007368e+00
3.606000000000000227e+02,1.022815163436440633e+00,1.000000000000000000e+00,5.000000000000000000e+00,2.000000000000000111e-01,9.483487099067456683e+00
3.608000000000000114e+02,8.002517882740225463e-01,1.000000000000000000e+00,5.000000000000000000e+00,2.000000000000000111e-01,8.721933619321930564e+00
3.610000000000000000e+02,1.140698824889588625e+00,1.000000000000000000e+00,5.000000000000000000e+00,2.000000000000000111e-01,-2.570746673509509250e+00
3.612000000000000455e+02,1.132250634480123530e+00,1.000000000000000000e+00,5.000000000000000000e+00,2.000000000000000111e-01,-1.001149148663376565e+00
3.614000000000000341e+02,8.837729748872211744e-01,1.000000000000000000e+00,5.000000000000000000e+00,2.000000000000000111e-01,-8.364619580546419186e+00
3.616000000000000227e+02,7.743064590147981097e-01,1.000000000000000000e+00,5.000000000000000000e+00,2.000000000000000111e-01,9.831183027263662666e+00
3.618000000000000114e+02,9.578272829714618020e-01,1.000000000000000000e+00,5.000000000000000000e+00,2.000000000000000111e-01,8.493034907664604560e+00
3.620000000000000000e+02,1.027682741326219062e+00,1.000000000000000000e+00,5.000000000000000000e+00,2.000000000000000111e-01,7.984734070494809544e+00
3.622000000000000455e+02,8.595790441804034288e-01,1.000000000000000000e+00,5.000000000000000000e+00,2.000000000000000111e-01,-3.895165355721143641e+00
3.624000000000000341e+02,8.901522742547780531e-01,1.000000000000000000e+00,5.000000000000000000e+00,2.000000000000000111e-01,-5.200060660251626388e+00
3.626000000000000227e+02,1.044717331778707736e+00,1.000000000000000000e+00,5.000000000000000000e+00,2.000000000000000111e-01,-3.376275704609774664e+00
3.628000000000000114e+02,8.263323452069244457e-01,1.000000000000000000e+00,5.000000000000000000e+00,2.000000000000000111e-01,4.559715409256119401e+00
3.630000000000000000e+02,1.072925596252594538e+00,1.000000000000000000e+00,5.000000000000000000e+00,2.000000000000000111e-01,6.693960545079754354e+00
3.632000000000000455e+02,8.821742750171797098e-01,9.000000000000000222e-01,5.000000000000000000e+00,2.000000000000000111e-01,1.139432153664191816e+00
3.634000000000000341e+02,8.204824924511875395e-01,9.000000000000000222e-01,5.000000000000000000e+00,2.000000000000000111e-01,9.142725665645784261e+00
3.636000000000000227e+02,9.485034131701134408e-01,9.000000000000000222e-01,5.000000000000000000e+00,2.000000000000000111e-01,4.335727447104746446e+00
3.638000000000000114e+02,9.584373769899600104e-01,9.000000000000000222e-01,5.000000000000000000e+00,2.000000000000000111e-01,7.992888391801393766e-01
3.640000000000000000e+02,9.584885481509616278e-01,9.000000000000000222e-01,5.000000000000000000e+00,2.000000000000000111e-01,-5.936646482490890442e+00
3.642000000000000455e+02,8.649991482025607414e-01,9.000000000000000222e-01,5.000000000000000000e+00,2.000000000000000111e-01,5.419102871058347759e+00
3.644000000000000341e+02,8.266566100414558527e-01,9.000000000000000222e-01,5.000000000000000000e+00,2.000000000000000111e-01,6.228996064098772933e-01
3.646000000000000227e+02,9.062453985700029691e-01,9.000000000000000222e-01,5.000000000000000000e+00,2.000000000000000111e-01,-3.144788187550981995e+00
3.648000000000000114e+02,8.135067632590918807e-01,9.000000000000000222e-01,5.000000000000000000e+00,2.000000000000000111e-01,-5.402243152170347784e+00
3.650000000000000000e+02,8.789597620016217361e-01,9.000000000000000222e-01,5.000000000000000000e+00,2.000000000000000111e-01,-4.470951873932644816e-01
3.652000000000000455e+02,9.747119232363415930e-01,9.000000000000000222e-01,5.000000000000000000e+00,2.000000000000000111e-01,2.733095080701115620e-01
3.654000000000000341e+02,9.879370673879724896e-01,9.000000000000000222e-01,5.000000000000000000e+00,2.000000000000000111e-01,7.527839252870318631e+00
3.656000000000000227e+02,8.695287144136827351e-01,9.000000000000000222e-01,5.000000000000000000e+00,2.000000000000000111e-01,9.562029101334069026e+00
3.658000000000000114e+02,9.630569174768913721e-01,9.000000000000000222e-01,5.000000000000000000e+00,2.000000000000000111e-01,4.753607286363203954e+00
3.660000000000000000e+02,8.817470747621383165e-01,9.000000000000000222e-01,5.000000000000000000e+00,2.000000000000000111e-01,-8.066813873460390028e+00
3.662000000000000455e+02,8.119050545125784391e-01,9.000000000000000222e-01,5.000000000000000000e+00,2.000000000000000111e-01,4.701602932387149991e-01
3.664000000000000341e+02,9.214584245614994007e-01,9.000000000000000222e-01,5.000000000000000000e+00,2.000000000000000111e-01,4.638041247725485761e+00
3.666000000000000227e+02,6.890424137662877202e-01,9.000000000000000222e-01,5.000000000000000000e+00,2.000000000000000111e-01,6.712387752651611805e-01
3.668000000000000114e+02,8.608822213106108734e-01,9.000000000000000222e-01,5.000000000000000000e+00,2.000000000000000111e-01,-2.077092987336087049e+00
3.670000000000000000e+02,8.537539782254857101e-01,9.000000000000000222e-01,5.000000000000000000e+00,2.000000000000000111e-01,-7.852258530621211818e+00
3.672000000000000455e+02,8.934753624189444299e-01,9.000000000000000222e-01,5.000000000000000000e+00,2.000000000000000111e-01,7.273757676413278972e+00
3.674000000000000341e+02,7.860921066482343678e-01,9.000000000000000222e-01,5.000000000000000000e+00,2.000000000000000111e-01,8.287829845749669744e+00
3.676000000000000227e+02,8.427429470116679644e-01,9.000000000000000222e-01,5.000000000000000000e+00,2.000000000000000111e-01,1.450326135892598955e-01
3.678000000000000114e+02,8.735854964115432608e-01,9.000000000000000222e-01,5.000000000000000000e+00,2.000000000000000111e-01,8.479696443252553451e+00
3.680000000000000000e+02,9.868964977207741462e-01,9.000000000000000222e-01,5.000000000000000000e+00,2.000000000000000111e-01,-5.693544735240399390e+00
3.682000000000000455e+02,9.937884941617219914e-01,9.000000000000000222e-01,5.000000000000000000e+00,2.000000000000000111e-01,-7.506719336112450236e+00
3.684000000000000341e+02,9.174616811296079089e-01,9.000000000000000222e-01,5.000000000000000000e+00,2.000000000000000111e-01,-3.697411123737857075e+00
3.686000000000000227e+02,9.814811595135988220e-01,9.000000000000000222e-01,5.000000000000000000e+00,2.000000000000000111e-01,9.843457649259576669e+00
3.688000000000000114e+02,8.331608450321448256e-01,9.000000000000000222e-01,5.000000000000000000e+00,2.000000000000000111e-01,-5.085129948152005142e-01
3.690000000000000000e+02,1.014544082359281285e+00,9.000000000000000222e-01,5.000000000000000000e+00,2.000000000000000111e-01,7.632121179561387692e+00
3.692000000000000455e+02,8.105673956046460793e-01,9.000000000000000222e-01,5.000000000000000000e+00,2.000000000000000111e-01,1.281911715922806394e+00
3.694000000000000341e+02,8.528508349891966711e-01,9.000000000000000222e-01,5.000000000000000000e+00,2.000000000000000111e-01,8.341181608066325026e+00
3.696000000000000227e+02,9.019594128659682575e-01,9.000000000000000222e-01,5.000000000000000000e+00,2.000000000000000111e-01,8.125117787756195753e+00
3.698000000000000114e+02,8.766404637583680159e-01,9.000000000000000222e-01,5.000000000000000000e+00,2.000000000000000111e-01,2.447416885642477169e+00
3.700000000000000000e+02,8.583676414628707008e-01,9.000000000000000222e-01,5.000000000000000000e+00,2.000000000000000111e-01,-2.302327972830939373e+00
3.702000000000000455e+02,1.038690751735598772e+00,9.000000000000000222e-01,5.000000000000000000e+00,2.000000000000000111e-01,-7.227097492192246619e+00
3.704000000000000341e+02,7.476257343619961970e-01,9.000000000000000222e-01,5.000000000000000000e+00,2.000000000000000111e-01,-7.160249266980618366e+00
3.706000000000000227e+02,9.278781809617331344e-01,9.000000000000000222e-01,5.000000000000000000e+00,2.000000000000000111e-01,-6.884679176597630068e+00
3.708000000000000114e+02,8.840818167991681964e-01,9.000000000000000222e-01,5.000000000000000000e+00,2.000000000000000111e-01,7.437598200909373958e+00
3.710000000000000000e+02,8.178248742881613076e-01,9.000000000000000222e-01,5.000000000000000000e+00,2.000000000000000111e-01,9.666768128710600649e+00
3.712000000000000455e+02,8.704294093501792062e-01,9.000000000000000222e-01,5.000000000000000000e+00,2.000000000000000111e-01,9.197239647335987200e+00
3.714000000000000341e+02,8.776682559080554169e-01,9.000000000000000222e-01,5.000000000000000000e+00,2.000000000000000111e-01,-2.087453169775493222e+00
3.716000000000000227e+02,9.465941164672779795e-01,9.000000000000000222e-01,5.000000000000000000e+00,2.000000000000000111e-01,9.795926977656918666e+00
3.718000000000000114e+02,8.711729921199072857e-01,9.000000000000000222e-01,5.000000000000000000e+00,2.000000000000000111e-01,-5.731064482499861334e+00
3.720000000000000000e+02,8.497035980592474447e-01,9.000000000000000222e-01,5.000000000000000000e+00,2.000000000000000111e-01,9.673294557134610727e-01
3.722000000000000455e+02,8.372128103559381973e-01,9.000000000000000222e-01,5.000000000000000000e+00,2.000000000000000111e-01,8.727240002791056384e+00
3.724000000000000341e+02,9.043554613310029744e-01,9.000000000000000222e-01,5.000000000000000000e+00,2.000000000000000111e-01,5.220192082517574050e+00
3.726000000000000227e+02,8.814387585007700254e-01,9.000000000000000222e-01,5.000000000000000000e+00,2.000000000000000111e-01,-4.469109911020831660e+00
3.728000000000000114e+02,6.745597723810565771e-01,9.000000000000000222e-01,5.000000000000000000e+00,2.000000000000000111e-01,6.612122152021221666e+00
3.730000000000000000e+02,8.526839777124027853e-01,9.000000000000000222e-01,5.000000000000000000e+00,2.000000000000000111e-01,-6.172338819569289647e+00
3.732000000000000455e+02,8.507948794678065196e-01,9.000000000000000222e-01,5.000000000000000000e+00,2.000000000000000111e-01,-9.400795178095462390e+00
3.734000000000000341e+02,1.120431989833734487e+00,9.000000000000000222e-01,5.000000000000000000e+00,2.000000000000000111e-01,7.072760413484203923e+00
3.736000000000000227e+02,9.375372120576661583e-01,9.000000000000000222e-01,5.000000000000000000e+00,2.000000000000000111e-01,6.705920343178281229e+00
3.738000000000000114e+02,1.001395014276758699e+00,1.100000000000000089e+00,5.000000000000000000e+00,2.000000000000000111e-01,-1.469923288311660414e+00
3.740000000000000000e+02,1.039545493770480000e+00,1.100000000000000089e+00,5.000000000000000000e+00,2.000000000000000111e-01,-3.057121170290779233e+00
3.742000000000000455e+02,1.083490103883677724e+00,1.100000000000000089e+00,5.000000000000000000e+00,2.000000000000000111e-01,1.725968190645676970e+00
3.744000000000000341e+02,1.053953482643718909e+00,1.100000000000000089e+00,5.000000000000000000e+00,2.000000000000000111e-01,-6.108601492704474722e+00
3.746000000000000227e+02,1.113546823125887153e+00,1.100000000000000089e+00,5.000000000000000000e+00,2.000000000000000111e-01,1.203434258189862049e+00
3.748000000000000114e+02,1.014243302256385038e+00,1.100000000000000089e+00,5.000000000000000000e+00,2.000000000000000111e-01,-8.773302035587013492e+00
3.750000000000000000e+02,1.197324547907921088e+00,1.100000000000000089e+00,5.000000000000000000e+00,2.000000000000000111e-01,-5.273109933851866771e+00
3.752000000000000455e+02,1.093761984749948457e+00,1.100000000000000089e+00,5.000000000000000000e+00,2.000000000000000111e-01,1.179116088466461321e+00
3.754000000000000341e+02,1.089720746764401893e+00,1.100000000000000089e+00,5.000000000000000000e+00,2.000000000000000111e-01,3.360139345903796482e+00
3.756000000000000227e+02,1.055902617206267990e+00,1.100000000000000089e+00,5.000000000000000000e+00,2.000000000000000111e-01,1.114029630457761044e+00
3.758000000000000114e+02,1.339949494763670312e+00,1.100000000000000089e+00,5.000000000000000000e+00,2.000000000000000111e-01,-4.884703259035909184e+00
3.760000000000000000e+02,1.066486119616270489e+00,1.100000000000000089e+00,5.000000000000000000e+00,2.000000000000000111e-01,8.031403262377803998e+00
3.762000000000000455e+02,1.142717941136665472e+00,1.100000000000000089e+00,5.000000000000000000e+00,2.000000000000000111e-01,9.777487267144127969e+00
3.764000000000000341e+02,1.171525149931179399e+00,1.100000000000000089e+00,5.000000000000000000e+00,2.000000000000000111e-01,-6.215869973665575365e+00
3.766000000000000227e+02,1.171679072839725277e+00,1.100000000000000089e+00,5.000000000000000000e+00,2.000000000000000111e-01,9.832674932513278065e+00
3.768000000000000114e+02,1.119230782747168584e+00,1.100000000000000089e+00,5.000000000000000000e+00,2.000000000000000111e-01,-8.987303067927429723e+00
3.770000000000000000e+02,1.004085523530192425e+00,1.100000000000000089e+00,5.000000000000000000e+00,2.000000000000000111e-01,-9.633651646933111934e+00
3.772000000000000455e+02,1.298741730278376139e+00,1.100000000000000089e+00,5.000000000000000000e+00,2.000000000000000111e-01,-9.816054981777782018e+00
3.774000000000000341e+02,9.902798561370269592e-01,1.100000000000000089e+00,5.000000000000000000e+00,2.000000000000000111e-01,-4.914726377164115867e+00
3.776000000000000227e+02,1.225159506554857503e+00,1.100000000000000089e+00,5.000000000000000000e+00,2.000000000000000111e-01,-4.191041906951681995e+00
3.778000000000000114e+02,1.213417388995617685e+00,1.100000000000000089e+00,5.000000000000000000e+00,2.000000000000000111e-01,4.825551537699251270e+00
3.780000000000000000e+02,1.075268679995617038e+00,1.100000000000000089e+00,5.000000000000000000e+00,2.000000000000000111e-01,4.879467251975244224e+00
3.782000000000000455e+02,9.677154184842081674e-01,1.100000000000000089e+00,5.000000000000000000e+00,2.000000000000000111e-01,8.086090231822804952e+00
3.784000000000000341e+02,1.137191621176500522e+00,1.100000000000000089e+00,5.000000000000000000e+00,2.000000000000000111e-01,-5.718825048189211557e+00
3.786000000000000227e+02,1.175835738055106106e+00,1.100000000000000089e+00,5.000000000000000000e+00,2.000000000000000111e-01,-7.119565807511443190e+00
3.788000000000000114e+02,1.173608040113074402e+00,1.100000000000000089e+00,5.000000000000000000e+00,2.000000000000000111e-01,3.495279492628633022e+00
3.790000000000000000e+02,1.140788127212354564e+00,1.100000000000000089e+00,5.000000000000000000e+00,2.000000000000000111e-01,6.792570631445521201e+00
3.792000000000000455e+02,1.213711545272513126e+00,1.100000000000000089e+00,5.000000000000000000e+00,2.000000000000000111e-01,2.512476534030502862e+00
3.794000000000000341e+02,1.138126321112156392e+00,1.100000000000000089e+00,5.000000000000000000e+00,2.000000000000000111e-01,3.088203854704612894e+00
3.796000000000000227e+02,1.054663287496989010e+00,1.100000000000000089e+00,5.000000000000000000e+00,2.000000000000000111e-01,6.495293151935854326e+00
3.798000000000000114e+02,1.133447636065703312e+00,1.100000000000000089e+00,5.000000000000000000e+00,2.000000000000000111e-01,4.342919490387732395e+00
3.800000000000000000e+02,1.274245120181278113e+00,1.100000000000000089e+00,5.000000000000000000e+00,2.000000000000000111e-01,9.523982207644486664e+00
3.802000000000000455e+02,1.012921821325402316e+00,1.100000000000000089e+00,5.000000000000000000e+00,2.000000000000000111e-01,-8.066135264619090250e+00
3.804000000000000341e+02,1.146462865339399118e+00,1.100000000000000089e+00,5.000000000000000000e+00,2.000000000000000111e-01,-1.744382915931648625e+00
3.806000000000000227e+02,1.134492427882404897e+00,1.100000000000000089e+00,5.000000000000000000e+00,2.000000000000000111e-01,6.589959131814669746e+00
3.808000000000000114e+02,9.627339340093523656e-01,1.100000000000000089e+00,5.000000000000000000e+00,2.000000000000000111e-01,6.176109364341979102e+00
3.810000000000000000e+02,1.054382796772652009e+00,1.100000000000000089e+00,5.000000000000000000e+00,2.000000000000000111e-01,-6.485516753390216493e+00
3.812000000000000455e+02,9.781859586983240318e-01,1.100000000000000089e+00,5.000000000000000000e+00,2.000000000000000111e-01,-7.004863367211699554e+00
3.814000000000000341e+02,1.163536407832547859e+00,1.100000000000000089e+00,5.000000000000000000e+00,2.000000000000000111e-01,3.358643097807764377e+00
3.816000000000000227e+02,1.068411418083046405e+00,1.100000000000000089e+00,5.000000000000000000e+00,2.000000000000000111e-01,-2.756367208652530820e+00
3.818000000000000114e+02,9.713896291319581433e-01,1.100000000000000089e+00,5.000000000000000000e+00,2.000000000000000111e-01,-4.932857011211595477e+00
3.820000000000000000e+02,1.097728365603981571e+00,1.100000000000000089e+00,5.000000000000000000e+00,2.000000000000000111e-01,-6.688601508205209711e+00
3.822000000000000455e+02,1.068278015441885609e+00,1.100000000000000089e+00,5.000000000000000000e+00,2.000000000000000111e-01,6.424665397155834512e+00
3.824000000000000341e+02,1.001590103731767600e+00,1.100000000000000089e+00,5.000000000000000000e+00,2.000000000000000111e-01,9.681089797141329001e-01
3.826000000000000227e+02,1.074286679365554775e+00,1.100000000000000089e+00,5.000000000000000000e+00,2.000000000000000111e-01,-1.600214251479343375e+00
3.828000000000000114e+02,1.129554500898118707e+00,1.100000000000000089e+00,5.000000000000000000e+00,2.000000000000000111e-01,-8.959693360509975335e+00
3.830000000000000000e+02,1.003857748016931284e+00,1.100000000000000089e+00,5.000000000000000000e+00,2.000000000000000111e-01,-9.258112354776663722e+00
3.832000000000000455e+02,1.054129333322920470e+00,1.100000000000000089e+00,5.000000000000000000e+00,2.000000000000000111e-01,-6.839221326676554469e-01
3.834000000000000341e+02,1.234519375933950558e+00,1.100000000000000089e+00,5.000000000000000000e+00,2.000000000000000111e-01,2.345960261445497963e+00
3.836000000000000227e+02,1.084322211715796680e+00,1.100000000000000089e+00,5.000000000000000000e+00,2.000000000000000111e-01,-1.096210343796437670e+00
3.838000000000000114e+02,9.280681762148123015e-01,1.100000000000000089e+00,5.000000000000000000e+00,2.000000000000000111e-01,-7.115429787328315214e+00
3.840000000000000000e+02,1.119150729187122550e+00,1.100000000000000089e+00,5.000000000000000000e+00,2.000000000000000111e-01,7.437018449438753009e+00
3.842000000000000455e+02,1.110173156548695417e+00,1.100000000000000089e+00,5.000000000000000000e+00,2.000000000000000111e-01,-4.183190019032714702e+00
3.844000000000000341e+02,1.160029297498562428e+00,1.100000000000000089e+00,5.000000000000000000e+00,2.000000000000000111e-01,4.213377338645260650e+00
3.846000000000000227e+02,9.437750415148487004e-01,1.100000000000000089e+00,5.000000000000000000e+00,2.000000000000000111e-01,2.554835640996708790e+00
3.848000000000000114e+02,1.163878879724141058e+00,1.100000000000000089e+00,5.000000000000000000e+00,2.000000000000000111e-01,3.782963235544746894e+00
3.850000000000000000e+02,1.188610966583834916e+00,1.100000000000000089e+00,5.000000000000000000e+00,2.000000000000000111e-01,8.719867758257251467e-01
3.852000000000000455e+02,1.190989809574052094e+00,1.100000000000000089e+00,5.000000000000000000e+00,2.000000000000000111e-01,7.921905689949227281e+00
3.854000000000000341e+02,1.163579048488491363e+00,1.100000000000000089e+00,5.000000000000000000e+00,2.000000000000000111e-01,2.736856909520948733e+00
3.856000000000000227e+02,1.153267672212668016e+00,1.100000000000000089e+00,5.000000000000000000e+00,2.000000000000000111e-01,1.174233904324724520e+00
3.858000000000000114e+02,1.160533908920492907e+00,1.100000000000000089e+00,5.000000000000000000e+00,2.000000000000000111e-01,4.069178920583009784e+00
3.860000000000000000e+02,1.036700578392272476e+00,1.100000000000000089e+00,5.000000000000000000e+00,2.000000000000000111e-01,6.708196724873822347e+00
3.862000000000000455e+02,1.024607653855280409e+00,1.100000000000000089e+00,5.000000000000000000e+00,2.000000000000000111e-01,-6.338891697679636117e+00
3.864000000000000341e+02,1.114686631514561377e+00,1.100000000000000089e+00,5.000000000000000000e+00,2.000000000000000111e-01,1.876040770082035181e+00
3.866000000000000227e+02,1.044899900992734221e+00,1.100000000000000089e+00,5.000000000000000000e+00,2.000000000000000111e-01,-6.853535388707716614e+00
3.868000000000000114e+02,1.280876732593932976e+00,1.100000000000000089e+00,5.000000000000000000e+00,2.000000000000000111e-01,9.809611698186756712e+00
3.870000000000000000e+02,1.107691975754539815e+00,1.100000000000000089e+00,5.000000000000000000e+00,2.000000000000000111e-01,2.063892928242342606e+00
3.872000000000000455e+02,1.045401207728508641e+00,1.100000000000000089e+00,5.000000000000000000e+00,2.000000000000000111e-01,-7.600305079305201161e+00
3.874000000000000341e+02,1.107110869306078493e+00,1.100000000000000089e+00,5.000000000000000000e+00,2.000000000000000111e-01,-8.848750904121086336e+00
3.876000000000000227e+02,1.144747195205831680e+00,1.100000000000000089e+00,5.000000000000000000e+00,2.000000000000000111e-01,-3.129353187296423755e+00
3.878000000000000114e+02,1.066890652409575591e+00,1.100000000000000089e+00,5.000000000000000000e+00,2.000000000000000111e-01,-5.488298873095169839e+00
3.880000000000000000e+02,1.025457533519846365e+00,1.100000000000000089e+00,5.000000000000000000e+00,2.000000000000000111e-01,-8.210079216667251600e+00
3.882000000000000455e+02,1.208160078474705523e+00,1.100000000000000089e+00,5.000000000000000000e+00,2.000000000000000111e-01,-5.649314872218546668e+00
3.884000000000000341e+02,1.122680254570327607e+00,1.100000000000000089e+00,5.000000000000000000e+00,2.000000000000000111e-01,1.423147498561061042e+00
3.886000000000000227e+02,1.101389957808413200e+00,1.100000000000000089e+00,5.000000000000000000e+00,2.000000000000000111e-01,-1.677807616109758371e+00
3.888000000000000114e+02,1.010298575164656709e+00,1.100000000000000089e+00,5.000000000000000000e+00,2.000000000000000111e-01,3.221347276468211618e+00
3.890000000000000000e+02,8.827355529481326624e-01,1.100000000000000089e+00,5.000000000000000000e+00,2.000000000000000111e-01,-3.713106317246652743e+00
3.892000000000000455e+02,1.072974177604439472e+00,1.100000000000000089e+00,5.000000000000000000e+00,2.000000000000000111e-01,-9.684150886318501961e+00
3.894000000000000341e+02,1.053282631829563165e+00,1.100000000000000089e+00,5.000000000000000000e+00,2.000000000000000111e-01,1.344589681679282833e+00
3.896000000000000227e+02,1.094455316579582949e+00,1.100000000000000089e+00,5.000000000000000000e+00,2.000000000000000111e-01,7.001393081851638556e+00
3.898000000000000114e+02,1.054230244686658935e+00,1.100000000000000089e+00,5.000000000000000000e+00,2.000000000000000111e-01,7.115747063258137217e+00
3.900000000000000000e+02,1.095246043974426708e+00,1.100000000000000089e+00,5.000000000000000000e+00,2.000000000000000111e-01,3.361165115086247823e+00
3.902000000000000455e+02,1.069151686518842848e+00,1.100000000000000089e+00,5.000000000000000000e+00,2.000000000000000111e-01,5.084759246661725740e+00
3.904000000000000341e+02,1.091722457729025431e+00,1.100000000000000089e+00,5.000000000000000000e+00,2.000000000000000111e-01,-7.431059192362418742e+00
3.906000000000000227e+02,1.112785542129477667e+00,1.100000000000000089e+00,5.000000000000000000e+00,2.000000000000000111e-01,-3.656998700313602413e+00
3.908000000000000114e+02,1.199231068968934943e+00,1.100000000000000089e+00,5.000000000000000000e+00,2.000000000000000111e-01,-1.892928782651857489e+00
3.910000000000000000e+02,9.716027341935209449e-01,1.100000000000000089e+00,5.000000000000000000e+00,2.000000000000000111e-01,-6.721707499769120631e+00
3.912000000000000455e+02,1.009642449605388181e+00,1.100000000000000089e+00,5.000000000000000000e+00,2.000000000000000111e-01,-8.927409215475494264e+00
3.914000000000000341e+02,1.130831423019206028e+00,1.100000000000000089e+00,5.000000000000000000e+00,2.000000000000000111e-01,-7.978162408320597088e+00
3.916000000000000227e+02,1.253940428137328533e+00,1.100000000000000089e+00,5.000000000000000000e+00,2.000000000000000111e-01,6.930588940717562707e+00
3.918000000000000114e+02,1.123479369282107676e+00,1.100000000000000089e+00,5.000000000000000000e+00,2.000000000000000111e-01,6.028466699103347537e+00
3.920000000000000000e+02,1.044302880398350508e+00,1.100000000000000089e+00,5.000000000000000000e+00,2.000000000000000111e-01,9.828874564285893456e+00
3.922000000000000455e+02,1.073052173976467571e+00,1.100000000000000089e+00,5.000000000000000000e+00,2.000000000000000111e-01,6.524453292106130675e+00
3.924000000000000341e+02,1.209693911622457652e+00,1.100000000000000089e+00,5.000000000000000000e+00,2.000000000000000111e-01,-3.574368527781910387e+00
3.926000000000000227e+02,1.192815494520715891e+00,1.100000000000000089e+00,5.000000000000000000e+00,2.000000000000000111e-01,5.125719075385186230e+00
3.928000000000000114e+02,1.158482336865184870e+00,1.100000000000000089e+00,5.000000000000000000e+00,2.000000000000000111e-01,-2.805547728644272709e+00
3.930000000000000000e+02,1.191713744515867646e+00,1.100000000000000089e+00,5.000000000000000000e+00,2.000000000000000111e-01,2.539999198563371863e+00
3.932000000000000455e+02,1.233496675396096975e+00,1.100000000000000089e+00,5.000000000000000000e+00,2.000000000000000111e-01,4.692122172464920027e+00
3.934000000000000341e+02,1.198721872583739856e+00,1.100000000000000089e+00,5.000000000000000000e+00,2.000000000000000111e-01,6.367363696363817382e+00
3.936000000000000227e+02,9.342930573701162533e-01,1.100000000000000089e+00,5.000000000000000000e+00,2.000000000000000111e-01,-7.558109681398670787e+00
3.938000000000000114e+02,1.206674299228461589e+00,1.100000000000000089e+00,5.000000000000000000e+00,2.000000000000000111e-01,-3.506283633796495991e+00
3.940000000000000000e+02,1.162026256221539766e+00,1.100000000000000089e+00,5.000000000000000000e+00,2.000000000000000111e-01,1.929061265120681767e+00
3.942000000000000455e+02,1.058239012200944185e+00,1.100000000000000089e+00,5.000000000000000000e+00,2.000000000000000111e-01,-3.675168883003148146e+00
3.944000000000000341e+02,1.088805891291314332e+00,1.100000000000000089e+00,5.000000000000000000e+00,2.000000000000000111e-01,-9.601552130761600523e+00
3.946000000000000227e+02,1.092923452486355362e+00,1.100000000000000089e+00,5.000000000000000000e+00,2.000000000000000111e-01,3.520341094177680930e+00
3.948000000000000114e+02,1.109642477510933922e+00,1.100000000000000089e+00,5.000000000000000000e+00,2.000000000000000111e-01,-3.524926387697284724e+00
3.950000000000000000e+02,8.540835870814409425e-01,1.100000000000000089e+00,5.000000000000000000e+00,2.000000000000000111e-01,-3.360552171916967978e+00
3.952000000000000455e+02,1.034710941447710919e+00,1.100000000000000089e+00,5.000000000000000000e+00,2.000000000000000111e-01,-9.426637430263987483e+00
3.954000000000000341e+02,1.018867241209608254e+00,1.100000000000000089e+00,5.000000000000000000e+00,2.000000000000000111e-01,-8.857055405858586639e+00
3.956000000000000227e+02,1.087911265594095456e+00,1.100000000000000089e+00,5.000000000000000000e+00,2.000000000000000111e-01,6.273569710814502542e+00
3.958000000000000114e+02,1.107838033169993741e+00,1.100000000000000089e+00,5.000000000000000000e+00,2.000000000000000111e-01,-2.064495664856531576e+00
3.960000000000000000e+02,1.171591665983730879e+00,1.100000000000000089e+00,5.000000000000000000e+00,2.000000000000000111e-01,2.546398662606657481e+00
3.962000000000000455e+02,1.053390963319358331e+00,1.100000000000000089e+00,5.000000000000000000e+00,2.000000000000000111e-01,6.017206120797467861e+00
3.964000000000000341e+02,9.351059717690198836e-01,1.100000000000000089e+00,5.000000000000000000e+00,2.000000000000000111e-01,1.567618241949483959e+00
3.966000000000000227e+02,1.107361018720636858e+00,1.100000000000000089e+00,5.000000000000000000e+00,2.000000000000000111e-01,7.661798318575065991e-01
3.968000000000000114e+02,9.571571915437350198e-01,1.100000000000000089e+00,5.000000000000000000e+00,2.000000000000000111e-01,-5.831300366489616138e+00
3.970000000000000000e+02,1.101608596863495659e+00,1.100000000000000089e+00,5.000000000000000000e+00,2.000000000000000111e-01,-1.646850542609897161e+00
3.972000000000000455e+02,1.206018978645961637e+00,1.100000000000000089e+00,5.000000000000000000e+00,2.000000000000000111e-01,-7.111065974811237034e+00
3.974000000000000341e+02,1.133415720573988983e+00,1.100000000000000089e+00,5.000000000000000000e+00,2.000000000000000111e-01,6.986228024718371898e+00
3.976000000000000227e+02,1.174023055689078499e+00,1.100000000000000089e+00,5.000000000000000000e+00,2.000000000000000111e-01,-1.543268495127637863e+00
3.978000000000000114e+02,1.139665276260002136e+00,1.100000000000000089e+00,5.000000000000000000e+00,2.000000000000000111e-01,2.812917237732159847e+00
3.980000000000000000e+02,1.014084749476856118e+00,1.100000000000000089e+00,5.000000000000000000e+00,2.000000000000000111e-01,-3.789637430648566507e+00
3.982000000000000455e+02,1.179825314576073758e+00,1.100000000000000089e+00,5.000000000000000000e+00,2.000000000000000111e-01,2.017869935440845808e+00
3.984000000000000341e+02,1.046682772399332384e+00,1.100000000000000089e+00,5.000000000000000000e+00,2.000000000000000111e-01,-7.832136723598224215e+00
3.986000000000000227e+02,1.099697428170249625e+00,1.100000000000000089e+00,5.000000000000000000e+00,2.000000000000000111e-01,8.155570049108600728e+00
3.988000000000000114e+02,1.022192570730467986e+00,1.100000000000000089e+00,5.000000000000000000e+00,2.000000000000000111e-01,4.017359640871244864e+00
3.990000000000000000e+02,1.078358954440259865e+00,1.100000000000000089e+00,5.000000000000000000e+00,2.000000000000000111e-01,-7.931807441267952896e-01
3.992000000000000455e+02,1.264077340694996554e+00,1.100000000000000089e+00,5.000000000000000000e+00,2.000000000000000111e-01,5.938565449631807880e+00
3.994000000000000341e+02,1.209278572525310125e+00,1.100000000000000089e+00,5.000000000000000000e+00,2.000000000000000111e-01,-2.109200839308631004e+00
3.996000000000000227e+02,1.160454813403477337e+00,1.100000000000000089e+00,5.000000000000000000e+00,2.000000000000000111e-01,-6.500407429093879585e-01
3.998000000000000114e+02,1.392741515979118994e+00,1.100000000000000089e+00,5.000000000000000000e+00,2.000000000000000111e-01,-3.773312497617156147e+00
